Date,Positive Total,Positive New,Probable Total,Probable New
1/29/2020,1,1,0,0
1/30/2020,1,0,0,0
1/31/2020,1,0,0,0
2/1/2020,1,0,0,0
2/2/2020,1,0,0,0
2/3/2020,1,0,0,0
2/4/2020,1,0,0,0
2/5/2020,1,0,0,0
2/6/2020,2,1,0,0
2/7/2020,2,0,0,0
2/8/2020,2,0,0,0
2/9/2020,2,0,0,0
2/10/2020,2,0,0,0
2/11/2020,2,0,0,0
2/12/2020,2,0,0,0
2/13/2020,2,0,0,0
2/14/2020,2,0,0,0
2/15/2020,2,0,0,0
2/16/2020,2,0,0,0
2/17/2020,2,0,0,0
2/18/2020,2,0,0,0
2/19/2020,2,0,0,0
2/20/2020,2,0,0,0
2/21/2020,2,0,0,0
2/22/2020,2,0,0,0
2/23/2020,2,0,0,0
2/24/2020,2,0,0,0
2/25/2020,2,0,0,0
2/26/2020,2,0,0,0
2/27/2020,2,0,0,0
2/28/2020,2,0,0,0
2/29/2020,2,0,0,0
3/1/2020,3,1,3,3
3/2/2020,3,0,5,2
3/3/2020,4,1,8,3
3/4/2020,6,2,9,1
3/5/2020,14,8,12,3
3/6/2020,28,14,12,0
3/7/2020,72,44,15,3
3/8/2020,91,19,20,5
3/9/2020,96,5,24,4
3/10/2020,110,14,30,6
3/11/2020,132,22,35,5
3/12/2020,161,29,39,4
3/13/2020,222,61,45,6
3/14/2020,295,73,49,4
3/15/2020,363,68,55,6
3/16/2020,513,150,58,3
3/17/2020,762,249,66,8
3/18/2020,1021,259,73,7
3/19/2020,1299,278,79,6
3/20/2020,1687,388,90,11
3/21/2020,2008,321,100,10
3/22/2020,2294,286,104,4
3/23/2020,2903,609,115,11
3/24/2020,3621,718,126,11
3/25/2020,4367,746,137,11
3/26/2020,5303,936,142,5
3/27/2020,6246,943,149,7
3/28/2020,6900,654,157,8
3/29/2020,7423,523,162,5
3/30/2020,8661,1238,164,2
3/31/2020,9927,1266,169,5
4/1/2020,11264,1337,174,5
4/2/2020,12542,1278,180,6
4/3/2020,14022,1480,188,8
4/4/2020,15185,1163,195,7
4/5/2020,16162,977,204,9
4/6/2020,18094,1932,209,5
4/7/2020,20116,2022,219,10
4/8/2020,21980,1864,228,9
4/9/2020,23958,1978,239,11
4/10/2020,26012,2054,247,8
4/11/2020,27309,1297,254,7
4/12/2020,28238,929,267,13
4/13/2020,30240,2002,273,6
4/14/2020,33110,2870,278,5
4/15/2020,35709,2599,292,14
4/16/2020,38098,2389,300,8
4/17/2020,41104,3006,318,18
4/18/2020,42585,1481,325,7
4/19/2020,43674,1089,329,4
4/20/2020,46366,2692,342,13
4/21/2020,48556,2190,360,18
4/22/2020,51270,2714,390,30
4/23/2020,53678,2408,417,27
4/24/2020,55961,2283,482,65
4/25/2020,57457,1496,504,22
4/26/2020,58304,847,534,30
4/27/2020,60434,2130,605,71
4/28/2020,62541,2107,668,63
4/29/2020,64731,2190,751,83
4/30/2020,66779,2048,852,101
5/1/2020,68863,2084,948,96
5/2/2020,69894,1031,1006,58
5/3/2020,70629,735,1039,33
5/4/2020,72510,1881,1175,136
5/5/2020,74248,1738,1303,128
5/6/2020,75948,1700,1444,141
5/7/2020,77631,1683,1565,121
5/8/2020,79091,1460,1659,94
5/9/2020,79775,684,1691,32
5/10/2020,80161,386,1753,62
5/11/2020,81472,1311,1864,111
5/12/2020,82928,1456,1983,119
5/13/2020,84248,1320,2114,131
5/14/2020,85564,1316,2241,127
5/15/2020,86671,1107,2336,95
5/16/2020,87321,650,2375,39
5/17/2020,87686,365,2422,47
5/18/2020,89012,1326,2523,101
5/19/2020,90092,1080,2644,121
5/20/2020,91114,1022,2751,107
5/21/2020,92083,969,2891,140
5/22/2020,92949,866,3000,109
5/23/2020,93339,390,3037,37
5/24/2020,93640,301,3076,39
5/25/2020,93838,198,3133,57
5/26/2020,94705,867,3233,100
5/27/2020,95399,694,3341,108
5/28/2020,96045,646,3460,119
5/29/2020,96578,533,3553,93
5/30/2020,96848,270,3590,37
5/31/2020,97010,162,3624,34
6/1/2020,97518,508,3689,65
6/2/2020,97965,447,3740,51
6/3/2020,98427,462,3811,71
6/4/2020,98810,383,3863,52
6/5/2020,99149,339,3956,93
6/6/2020,99298,149,3988,32
6/7/2020,99449,151,4008,20
6/8/2020,99804,355,4080,72
6/9/2020,100148,344,4160,80
6/10/2020,100405,257,4264,104
6/11/2020,100634,229,4341,77
6/12/2020,100890,256,4393,52
6/13/2020,100988,98,4413,20
6/14/2020,101065,77,4440,27
6/15/2020,101300,235,4516,76
6/16/2020,101500,200,4577,61
6/17/2020,101748,248,4665,88
6/18/2020,101989,241,4735,70
6/19/2020,102165,176,4793,58
6/20/2020,102258,93,4813,20
6/21/2020,102337,79,4828,15
6/22/2020,102565,228,4897,69
6/23/2020,102755,190,4984,87
6/24/2020,102966,211,5053,69
6/25/2020,103172,206,5134,81
6/26/2020,103373,201,5212,78
6/27/2020,103507,134,5233,21
6/28/2020,103577,70,5254,21
6/29/2020,103778,201,5323,69
6/30/2020,103998,220,5420,97
7/1/2020,104216,218,5529,109
7/2/2020,104439,223,5630,101
7/3/2020,104536,97,5688,58
7/4/2020,104597,61,5701,13
7/5/2020,104697,100,5735,34
7/6/2020,104936,239,5801,66
7/7/2020,105177,241,5903,102
7/8/2020,105392,215,5982,79
7/9/2020,105645,253,6075,93
7/10/2020,105875,230,6209,134
7/11/2020,105991,116,6251,42
7/12/2020,106081,90,6292,41
7/13/2020,106347,266,6403,111
7/14/2020,106578,231,6477,74
7/15/2020,106878,300,6569,92
7/16/2020,107122,244,6660,91
7/17/2020,107345,223,6777,117
7/18/2020,107474,129,6848,71
7/19/2020,107546,72,6895,47
7/20/2020,107830,284,6967,72
7/21/2020,108089,259,7088,121
7/22/2020,108346,257,7196,108
7/23/2020,108603,257,7363,167
7/24/2020,108862,259,7467,104
7/25/2020,109022,160,7493,26
7/26/2020,109124,102,7535,42
7/27/2020,109482,358,7691,156
7/28/2020,109800,318,7799,108
7/29/2020,110118,318,7906,107
7/30/2020,110557,439,8002,96
7/31/2020,110874,317,8123,121
8/1/2020,111013,139,8140,17
8/2/2020,111111,98,8187,47
8/3/2020,111290,179,8242,55
8/4/2020,111367,77,8269,27
8/5/2020,111371,4,8272,3
