Date,Molecular Total,Molecular New,Molecular Positive New,Molecular Missing,Serology Total,Serology New,Serology Positive New,First Molecular Test per person,Repeat Molecular Tests
1/22/2020,1,1,0,,0,0,0,1,0
1/23/2020,2,1,0,,0,0,0,1,0
1/24/2020,2,0,0,,0,0,0,0,0
1/25/2020,2,0,0,,0,0,0,0,0
1/26/2020,2,0,0,,0,0,0,0,0
1/27/2020,3,1,0,,0,0,0,1,0
1/28/2020,3,0,0,,0,0,0,0,0
1/29/2020,4,1,1,,0,0,0,1,0
1/30/2020,4,0,0,,0,0,0,0,0
1/31/2020,4,0,0,,0,0,0,0,0
2/1/2020,4,0,0,,0,0,0,0,0
2/2/2020,4,0,0,,0,0,0,0,0
2/3/2020,7,3,0,,0,0,0,3,0
2/4/2020,9,2,0,,0,0,0,2,0
2/5/2020,9,0,0,,0,0,0,0,0
2/6/2020,10,1,1,,0,0,0,1,0
2/7/2020,10,0,0,,0,0,0,0,0
2/8/2020,11,1,0,,0,0,0,1,0
2/9/2020,11,0,0,,0,0,0,0,0
2/10/2020,11,0,0,,0,0,0,0,1
2/11/2020,11,0,0,,0,0,0,0,0
2/12/2020,11,0,0,,0,0,0,1,0
2/13/2020,11,0,0,,0,0,0,0,0
2/14/2020,11,0,0,,0,0,0,0,0
2/15/2020,11,0,0,,0,0,0,0,0
2/16/2020,11,0,0,,0,0,0,0,0
2/17/2020,11,0,0,,0,0,0,0,0
2/18/2020,11,0,0,,0,0,0,0,0
2/19/2020,11,0,0,,0,0,0,0,0
2/20/2020,11,0,0,,0,0,0,0,1
2/21/2020,11,0,0,,0,0,0,0,0
2/22/2020,11,0,0,,0,0,0,0,0
2/23/2020,11,0,0,,0,0,0,0,0
2/24/2020,11,0,0,,1,1,0,0,2
2/25/2020,11,0,0,,1,0,0,0,0
2/26/2020,11,0,0,,1,0,0,0,0
2/27/2020,11,0,0,,1,0,0,0,0
2/28/2020,12,1,0,,1,0,0,0,2
2/29/2020,13,1,0,,1,0,0,1,0
3/1/2020,15,2,1,,1,0,0,2,2
3/2/2020,18,3,0,,1,0,0,3,3
3/3/2020,32,14,1,,2,1,0,14,1
3/4/2020,51,19,2,,2,0,0,19,3
3/5/2020,83,32,8,,2,0,0,33,3
3/6/2020,121,38,14,,2,0,0,42,7
3/7/2020,205,84,44,,2,0,0,86,14
3/8/2020,259,54,19,,2,0,0,53,7
3/9/2020,331,72,5,,2,0,0,76,5
3/10/2020,435,104,14,,2,0,0,103,6
3/11/2020,608,173,22,,2,0,0,176,6
3/12/2020,1026,418,29,,2,0,0,426,7
3/13/2020,1963,937,61,,2,0,0,971,14
3/14/2020,2862,899,73,,2,0,0,920,15
3/15/2020,3889,1027,68,,2,0,0,1057,27
3/16/2020,6031,2142,150,,2,0,0,2217,18
3/17/2020,8708,2677,249,,2,0,0,2762,28
3/18/2020,11686,2978,259,,2,0,0,3069,157
3/19/2020,14584,2898,278,,2,0,0,2996,142
3/20/2020,18223,3639,388,,2,0,0,3751,124
3/21/2020,20752,2529,321,,2,0,0,2603,168
3/22/2020,22646,1894,286,,2,0,0,1943,159
3/23/2020,26429,3783,609,,2,0,0,3895,202
3/24/2020,30418,3989,718,,2,0,0,4114,207
3/25/2020,34516,4098,746,,2,0,0,4215,269
3/26/2020,38930,4414,936,,2,0,0,4538,299
3/27/2020,43290,4360,943,,2,0,0,4473,342
3/28/2020,46089,2799,654,,2,0,0,2870,332
3/29/2020,48157,2068,523,,2,0,0,2155,318
3/30/2020,53202,5045,1238,,2,0,0,5165,416
3/31/2020,58436,5234,1266,,2,0,0,5459,471
4/1/2020,63356,4920,1337,,2,0,0,5113,463
4/2/2020,68567,5211,1278,,5,3,1,5407,597
4/3/2020,74292,5725,1480,,5,0,0,5938,629
4/4/2020,78265,3973,1163,,9,4,1,4054,690
4/5/2020,81669,3404,977,,9,0,0,3563,539
4/6/2020,88294,6625,1932,,13,4,0,6810,783
4/7/2020,94831,6537,2022,,17,4,0,6663,967
4/8/2020,101603,6772,1864,,19,2,0,6979,983
4/9/2020,108017,6414,1978,,41,22,2,6754,1040
4/10/2020,115583,7566,2054,,42,1,1,7792,1060
4/11/2020,119936,4353,1297,,43,1,0,4499,807
4/12/2020,122952,3016,929,,46,3,2,3092,710
4/13/2020,129202,6250,2002,,54,8,0,6347,1133
4/14/2020,138923,9721,2870,,62,8,2,9851,1494
4/15/2020,148810,9887,2599,,72,10,2,10191,1462
4/16/2020,157697,8887,2389,,93,21,0,8985,1721
4/17/2020,168753,11056,3006,,173,80,5,11434,1772
4/18/2020,174759,6006,1481,,181,8,3,6339,1140
4/19/2020,179336,4577,1089,,191,10,1,4659,937
4/20/2020,190060,10724,2692,,255,64,6,11036,1929
4/21/2020,199483,9423,2190,,331,76,11,9691,2133
4/22/2020,211921,12438,2714,,478,147,17,12735,2663
4/23/2020,222682,10761,2408,,951,473,31,10874,2552
4/24/2020,235021,12339,2283,,1849,898,82,12386,2518
4/25/2020,243215,8194,1496,,2336,487,25,8423,1843
4/26/2020,248087,4872,847,,2791,455,36,4792,1415
4/27/2020,259031,10944,2130,,3933,1142,79,10850,2945
4/28/2020,271267,12236,2107,,5355,1422,83,12273,3002
4/29/2020,283843,12576,2190,,7060,1705,105,12575,2940
4/30/2020,297561,13718,2048,,8438,1378,116,13728,3147
5/1/2020,311625,14064,2084,,10215,1777,130,13995,3296
5/2/2020,318860,7235,1031,,10809,594,57,7313,1884
5/3/2020,323944,5084,735,,11213,404,42,5036,1425
5/4/2020,335996,12052,1881,,13233,2020,162,11913,3531
5/5/2020,348593,12597,1738,,15210,1977,157,12436,3579
5/6/2020,361858,13265,1700,,17189,1979,184,13069,3616
5/7/2020,375310,13452,1683,,19256,2067,173,13423,3670
5/8/2020,388573,13263,1460,,21140,1884,136,13217,3726
5/9/2020,394388,5815,684,,21768,628,38,5709,1979
5/10/2020,397544,3156,386,,22122,354,77,3079,1479
5/11/2020,409337,11793,1311,,23965,1843,162,11612,4027
5/12/2020,422607,13270,1456,,25838,1873,148,13067,4291
5/13/2020,436558,13951,1320,,27584,1746,178,13771,4149
5/14/2020,449940,13382,1316,,29215,1631,165,13184,4195
5/15/2020,463703,13763,1107,,30831,1616,141,13575,4195
5/16/2020,470804,7101,650,,31366,535,51,6981,2348
5/17/2020,475091,4287,365,115,31724,358,54,4228,1623
5/18/2020,488464,13373,1326,1,33351,1627,137,13159,4431
5/19/2020,500817,12353,1080,0,35055,1704,164,12208,4488
5/20/2020,513670,12853,1022,0,36916,1861,149,12633,4297
5/21/2020,525403,11733,969,0,38622,1706,193,11548,4397
5/22/2020,536419,11016,866,0,40266,1644,158,10843,3943
5/23/2020,541379,4960,390,0,40687,421,41,4894,1815
5/24/2020,545458,4079,301,0,41001,314,41,4011,1532
5/25/2020,548556,3098,198,0,41331,330,49,3067,1489
5/26/2020,559783,11227,867,0,42850,1519,130,11078,4359
5/27/2020,569977,10194,694,0,44288,1438,153,10071,3872
5/28/2020,579385,9408,646,0,45582,1294,178,9280,3585
5/29/2020,589470,10085,533,0,46906,1324,138,9965,3512
5/30/2020,595260,5790,270,0,47170,264,35,5742,1813
5/31/2020,598964,3704,162,0,47359,189,38,3661,1401
6/1/2020,608468,9504,508,0,48510,1151,165,9392,3501
6/2/2020,617930,9462,447,0,49612,1102,88,9365,3709
6/3/2020,627487,9557,462,0,50775,1163,124,9416,3695
6/4/2020,636084,8597,383,0,51846,1071,91,8501,3524
6/5/2020,644597,8513,339,0,53054,1208,150,8438,3086
6/6/2020,649172,4575,149,0,53342,288,33,4561,1704
6/7/2020,652724,3552,151,0,53515,173,24,3510,1465
6/8/2020,663423,10699,355,0,54527,1012,102,10647,3298
6/9/2020,674434,11011,344,0,55697,1170,109,10912,3440
6/10/2020,684710,10276,257,0,56897,1200,137,10234,3203
6/11/2020,695021,10311,229,0,58129,1232,106,10263,2819
6/12/2020,705090,10069,256,0,59370,1241,85,10011,3000
6/13/2020,709884,4794,98,0,59600,230,22,4776,1659
6/14/2020,713597,3713,77,0,59776,176,25,3691,1349
6/15/2020,724349,10752,235,0,60954,1178,114,10704,3428
6/16/2020,734781,10432,200,0,62161,1207,88,10387,3318
6/17/2020,749270,14489,248,0,63387,1226,115,14461,3434
6/18/2020,763467,14197,241,0,64757,1370,90,14155,3184
6/19/2020,772350,8883,176,0,65883,1126,83,8849,2773
6/20/2020,777732,5382,93,0,66154,271,18,5371,1841
6/21/2020,781614,3882,79,0,66299,145,16,3872,1356
6/22/2020,791699,10085,228,0,67405,1106,98,10043,3553
6/23/2020,802239,10540,190,0,68698,1293,129,10520,3553
6/24/2020,812904,10665,211,0,70020,1322,100,10621,3379
6/25/2020,822467,9563,206,0,71223,1203,109,9523,3119
6/26/2020,832681,10214,201,0,72475,1252,106,10210,3021
6/27/2020,838734,6053,134,0,72718,243,19,6031,1806
6/28/2020,843381,4647,70,0,72939,221,19,4651,1600
6/29/2020,855581,12200,201,0,74069,1130,100,12189,3927
6/30/2020,867964,12383,220,0,75297,1228,111,12329,3783
7/1/2020,878866,10902,218,0,76396,1099,103,10883,3642
7/2/2020,889154,10288,223,0,77513,1117,120,10279,3637
7/3/2020,895204,6050,97,0,77942,429,61,6043,2299
7/4/2020,898173,2969,61,0,78059,117,9,2959,1318
7/5/2020,902980,4807,100,0,78180,121,23,4790,1857
7/6/2020,915542,12562,239,0,79103,923,94,12523,4454
7/7/2020,930461,14919,241,0,80170,1067,117,14878,4836
7/8/2020,944838,14377,215,0,81113,943,89,14351,5153
7/9/2020,957646,12808,253,0,82082,969,116,12755,4935
7/10/2020,970698,13052,230,0,83233,1151,143,13037,5059
7/11/2020,978150,7452,116,0,83521,288,34,7436,2679
7/12/2020,983242,5092,90,0,83705,184,32,5078,1889
7/13/2020,997975,14733,266,0,84760,1055,116,14675,5228
7/14/2020,1013057,15082,231,0,85744,984,91,15050,5763
7/15/2020,1028159,15102,300,0,86678,934,104,15069,5660
7/16/2020,1040593,12434,244,0,87608,930,108,12365,4994
7/17/2020,1053390,12797,223,0,88585,977,142,12747,5075
7/18/2020,1061425,8035,129,0,88869,284,62,8011,2829
7/19/2020,1066880,5455,72,0,88988,119,24,5449,2020
7/20/2020,1079623,12743,284,0,89900,912,76,12680,4605
7/21/2020,1093894,14271,259,0,90936,1036,114,14241,5219
7/22/2020,1107025,13131,257,0,91890,954,119,13087,5067
7/23/2020,1120702,13677,257,0,92778,888,148,13630,6205
7/24/2020,1132982,12280,259,0,93563,785,109,12232,4843
7/25/2020,1140889,7907,160,0,93695,132,6,7884,3224
7/26/2020,1145905,5016,102,0,93789,94,7,4984,2151
7/27/2020,1161881,15976,358,0,94753,964,147,15866,5991
7/28/2020,1179328,17447,318,0,95635,882,120,17349,7772
7/29/2020,1194694,15366,318,0,96501,866,121,15273,6538
7/30/2020,1210184,15490,439,0,97256,755,102,15321,6872
7/31/2020,1224251,14067,317,0,97941,685,103,13995,6225
8/1/2020,1231641,7390,139,0,98068,127,13,7363,2871
8/2/2020,1236707,5066,98,0,98197,129,44,5048,2223
8/3/2020,1247794,11087,179,0,98811,614,48,11030,5792
8/4/2020,1251206,3412,77,0,99162,351,26,3392,2255
8/5/2020,1251322,116,4,0,99170,8,1,113,110
