Date,Molecular Total,Molecular New,Molecular Positive New,Molecular Missing,Serology Total,Serology New,Serology Positive New,First Molecular Test per person,Repeat Molecular Tests
1/22/2020,1,1,0,,0,0,0,1,0
1/23/2020,2,1,0,,0,0,0,1,0
1/24/2020,2,0,0,,1,1,0,0,0
1/25/2020,2,0,0,,1,0,0,0,0
1/26/2020,2,0,0,,1,0,0,0,0
1/27/2020,3,1,0,,1,0,0,1,0
1/28/2020,3,0,0,,1,0,0,0,0
1/29/2020,4,1,1,,1,0,0,1,0
1/30/2020,4,0,0,,1,0,0,0,0
1/31/2020,4,0,0,,1,0,0,0,0
2/1/2020,4,0,0,,1,0,0,0,0
2/2/2020,4,0,0,,1,0,0,0,0
2/3/2020,7,3,0,,1,0,0,3,0
2/4/2020,9,2,0,,1,0,0,2,0
2/5/2020,9,0,0,,1,0,0,0,0
2/6/2020,10,1,1,,1,0,0,1,0
2/7/2020,10,0,0,,1,0,0,0,0
2/8/2020,11,1,0,,1,0,0,1,0
2/9/2020,11,0,0,,1,0,0,0,0
2/10/2020,11,0,0,,1,0,0,0,1
2/11/2020,11,0,0,,1,0,0,0,0
2/12/2020,11,0,0,,1,0,0,1,0
2/13/2020,11,0,0,,1,0,0,0,0
2/14/2020,11,0,0,,1,0,0,0,0
2/15/2020,11,0,0,,1,0,0,0,0
2/16/2020,11,0,0,,1,0,0,0,0
2/17/2020,11,0,0,,1,0,0,0,0
2/18/2020,11,0,0,,1,0,0,0,0
2/19/2020,11,0,0,,1,0,0,0,0
2/20/2020,11,0,0,,1,0,0,0,1
2/21/2020,11,0,0,,1,0,0,0,0
2/22/2020,11,0,0,,1,0,0,0,0
2/23/2020,11,0,0,,1,0,0,0,0
2/24/2020,11,0,0,,1,0,0,0,2
2/25/2020,11,0,0,,1,0,0,0,0
2/26/2020,11,0,0,,1,0,0,0,0
2/27/2020,11,0,0,,1,0,0,0,0
2/28/2020,12,1,0,,1,0,0,0,2
2/29/2020,13,1,0,,1,0,0,1,0
3/1/2020,15,2,1,,1,0,0,2,2
3/2/2020,18,3,0,,1,0,0,3,3
3/3/2020,32,14,1,,2,1,0,14,1
3/4/2020,51,19,2,,2,0,0,19,3
3/5/2020,83,32,8,,2,0,0,33,3
3/6/2020,122,39,14,,2,0,0,43,7
3/7/2020,206,84,44,,2,0,0,86,14
3/8/2020,260,54,19,,2,0,0,53,7
3/9/2020,333,73,5,,2,0,0,76,5
3/10/2020,438,105,14,,2,0,0,104,6
3/11/2020,612,174,22,,2,0,0,176,6
3/12/2020,1029,417,29,,2,0,0,425,7
3/13/2020,1969,940,61,,2,0,0,973,14
3/14/2020,2869,900,73,,2,0,0,920,15
3/15/2020,3900,1031,68,,2,0,0,1058,26
3/16/2020,6045,2145,150,,2,0,0,2218,18
3/17/2020,8729,2684,249,,2,0,0,2763,28
3/18/2020,11718,2989,259,,2,0,0,3075,156
3/19/2020,14623,2905,278,,2,0,0,2999,142
3/20/2020,18271,3648,388,,2,0,0,3749,123
3/21/2020,20805,2534,321,,2,0,0,2603,168
3/22/2020,22702,1897,286,,2,0,0,1944,158
3/23/2020,26491,3789,609,,2,0,0,3894,202
3/24/2020,30493,4002,719,,2,0,0,4116,207
3/25/2020,34598,4105,746,,2,0,0,4217,269
3/26/2020,39023,4425,936,,2,0,0,4540,299
3/27/2020,43399,4376,943,,2,0,0,4474,342
3/28/2020,46203,2804,655,,2,0,0,2871,331
3/29/2020,48275,2072,524,,2,0,0,2156,318
3/30/2020,53336,5061,1238,,2,0,0,5173,416
3/31/2020,58574,5238,1265,,2,0,0,5458,471
4/1/2020,63505,4931,1338,,2,0,0,5113,462
4/2/2020,68729,5224,1279,,5,3,1,5412,597
4/3/2020,74488,5759,1481,,5,0,0,5960,626
4/4/2020,78480,3992,1163,,9,4,1,4064,689
4/5/2020,81905,3425,976,,9,0,0,3575,538
4/6/2020,88579,6674,1932,,13,4,0,6842,775
4/7/2020,95163,6584,2024,,17,4,0,6688,951
4/8/2020,101976,6813,1867,,19,2,0,7012,960
4/9/2020,108428,6452,1982,,41,22,2,6779,1023
4/10/2020,116041,7613,2055,,41,0,0,7821,1032
4/11/2020,120425,4384,1297,,42,1,0,4515,794
4/12/2020,123518,3093,930,,45,3,2,3158,696
4/13/2020,129864,6346,2004,,53,8,0,6438,1100
4/14/2020,139642,9778,2875,,62,9,2,9886,1465
4/15/2020,149609,9967,2601,,72,10,2,10230,1442
4/16/2020,158548,8939,2389,,93,21,0,9004,1697
4/17/2020,169679,11131,3010,,173,80,5,11471,1742
4/18/2020,175742,6063,1483,,181,8,3,6375,1107
4/19/2020,180350,4608,1091,,191,10,1,4675,921
4/20/2020,191179,10829,2699,,255,64,6,11096,1879
4/21/2020,200676,9497,2199,,331,76,11,9725,2101
4/22/2020,213209,12533,2718,,479,148,17,12792,2605
4/23/2020,224048,10839,2417,,954,475,31,10911,2515
4/24/2020,236413,12365,2282,,1855,901,82,12377,2484
4/25/2020,244694,8281,1498,,2342,487,25,8444,1819
4/26/2020,249594,4900,848,,2797,455,36,4811,1397
4/27/2020,260607,11013,2127,,3941,1144,79,10889,2902
4/28/2020,272916,12309,2108,,5366,1425,83,12304,2973
4/29/2020,285585,12669,2186,,7075,1709,105,12616,2898
4/30/2020,299390,13805,2049,,8453,1378,116,13788,3091
5/1/2020,313563,14173,2086,,10229,1776,129,14073,3227
5/2/2020,320866,7303,1037,,10824,595,57,7360,1840
5/3/2020,325982,5116,735,,11228,404,42,5061,1402
5/4/2020,338159,12177,1888,,13213,1985,161,12012,3434
5/5/2020,350868,12709,1741,,15156,1943,157,12520,3500
5/6/2020,364250,13382,1710,,17088,1932,184,13141,3546
5/7/2020,377799,13549,1692,,19137,2049,173,13509,3581
5/8/2020,391178,13379,1462,,20995,1858,136,13282,3650
5/9/2020,397022,5844,684,,21617,622,37,5729,1956
5/10/2020,400197,3175,386,,21969,352,77,3099,1460
5/11/2020,412099,11902,1317,,23783,1814,162,11681,3965
5/12/2020,425479,13380,1461,,25636,1853,148,13153,4206
5/13/2020,439553,14074,1328,,27348,1712,178,13886,4042
5/14/2020,453077,13524,1323,,28954,1606,165,13293,4097
5/15/2020,466916,13839,1112,,30550,1596,142,13637,4132
5/16/2020,474066,7150,654,,31080,530,51,7024,2304
5/17/2020,478392,4326,371,115,31436,356,54,4265,1587
5/18/2020,491856,13464,1324,1,33025,1589,137,13231,4310
5/19/2020,504329,12473,1090,0,34702,1677,164,12312,4383
5/20/2020,517248,12919,1030,0,36527,1825,149,12691,4230
5/21/2020,529169,11921,992,0,38158,1631,191,11725,4285
5/22/2020,540271,11102,875,0,39758,1600,158,10919,3869
5/23/2020,545261,4990,393,0,40171,413,41,4916,1796
5/24/2020,549361,4100,303,0,40479,308,41,4026,1516
5/25/2020,552483,3122,200,0,40805,326,49,3081,1477
5/26/2020,563786,11303,886,0,42283,1478,129,11135,4306
5/27/2020,574045,10259,711,0,43702,1419,153,10117,3826
5/28/2020,583498,9453,654,0,44965,1263,176,9313,3537
5/29/2020,593647,10149,534,0,46253,1288,138,10019,3444
5/30/2020,599457,5810,275,0,46511,258,34,5765,1786
5/31/2020,603182,3725,164,0,46694,183,38,3681,1385
6/1/2020,612732,9550,515,0,47809,1115,164,9425,3459
6/2/2020,622231,9499,448,0,48875,1066,88,9397,3677
6/3/2020,631853,9622,470,0,49984,1109,126,9488,3626
6/4/2020,640521,8668,394,0,51004,1020,90,8574,3450
6/5/2020,649079,8558,343,0,52186,1182,149,8470,3055
6/6/2020,653667,4588,148,0,52463,277,32,4569,1690
6/7/2020,657216,3549,151,0,52634,171,24,3502,1448
6/8/2020,667971,10755,361,0,53608,974,101,10693,3240
6/9/2020,678992,11021,350,0,54740,1132,109,10916,3328
6/10/2020,689322,10330,254,0,55900,1160,136,10270,3143
6/11/2020,699699,10377,231,0,57087,1187,105,10313,2754
6/12/2020,709813,10114,254,0,58275,1188,81,10045,2941
6/13/2020,714658,4845,98,0,58491,216,21,4823,1658
6/14/2020,718423,3765,77,0,58663,172,25,3738,1346
6/15/2020,728782,10359,244,0,59779,1116,99,10293,3374
6/16/2020,738940,10158,203,0,60940,1161,83,10103,3271
6/17/2020,753264,14324,252,0,62110,1170,99,14265,3369
6/18/2020,766675,13411,237,0,63422,1312,82,13331,3039
6/19/2020,774468,7793,158,0,64480,1058,73,7744,2502
6/20/2020,779147,4679,75,0,64739,259,15,4668,1685
6/21/2020,782544,3397,71,0,64875,136,17,3379,1242
6/22/2020,791377,8833,196,0,65729,854,76,8785,3003
6/23/2020,800380,9003,139,0,66548,819,90,8967,2997
6/24/2020,807081,6701,107,0,67654,1106,78,6666,2363
6/25/2020,809065,1984,40,0,68259,605,42,1966,977
6/26/2020,809086,21,0,0,68259,0,0,21,11
