Date,Molecular Total,Molecular New,Molecular Positive New,Molecular Missing,Serology Total,Serology New,Serology Positive New,First Molecular Test per person,Repeat Molecular Tests
1/22/2020,1,1,0,,0,0,0,1,0
1/23/2020,2,1,0,,0,0,0,1,0
1/24/2020,2,0,0,,1,1,0,0,0
1/25/2020,2,0,0,,1,0,0,0,0
1/26/2020,2,0,0,,1,0,0,0,0
1/27/2020,3,1,0,,1,0,0,1,0
1/28/2020,3,0,0,,1,0,0,0,0
1/29/2020,4,1,1,,1,0,0,1,0
1/30/2020,4,0,0,,1,0,0,0,0
1/31/2020,4,0,0,,1,0,0,0,0
2/1/2020,4,0,0,,1,0,0,0,0
2/2/2020,4,0,0,,1,0,0,0,0
2/3/2020,7,3,0,,1,0,0,3,0
2/4/2020,9,2,0,,1,0,0,2,0
2/5/2020,9,0,0,,1,0,0,0,0
2/6/2020,10,1,1,,1,0,0,1,0
2/7/2020,10,0,0,,1,0,0,0,0
2/8/2020,11,1,0,,1,0,0,1,0
2/9/2020,11,0,0,,1,0,0,0,0
2/10/2020,11,0,0,,1,0,0,0,1
2/11/2020,11,0,0,,1,0,0,0,0
2/12/2020,11,0,0,,1,0,0,1,0
2/13/2020,11,0,0,,1,0,0,0,0
2/14/2020,11,0,0,,1,0,0,0,0
2/15/2020,11,0,0,,1,0,0,0,0
2/16/2020,11,0,0,,1,0,0,0,0
2/17/2020,11,0,0,,1,0,0,0,0
2/18/2020,11,0,0,,1,0,0,0,0
2/19/2020,11,0,0,,1,0,0,0,0
2/20/2020,11,0,0,,1,0,0,0,1
2/21/2020,11,0,0,,1,0,0,0,0
2/22/2020,11,0,0,,1,0,0,0,0
2/23/2020,11,0,0,,1,0,0,0,0
2/24/2020,11,0,0,,1,0,0,0,2
2/25/2020,11,0,0,,1,0,0,0,0
2/26/2020,11,0,0,,1,0,0,0,0
2/27/2020,11,0,0,,1,0,0,0,0
2/28/2020,12,1,0,,1,0,0,0,2
2/29/2020,13,1,0,,1,0,0,1,0
3/1/2020,15,2,1,,1,0,0,2,2
3/2/2020,18,3,0,,1,0,0,3,3
3/3/2020,32,14,1,,2,1,0,14,1
3/4/2020,51,19,2,,2,0,0,19,3
3/5/2020,83,32,8,,2,0,0,33,3
3/6/2020,122,39,14,,2,0,0,43,7
3/7/2020,206,84,44,,2,0,0,86,14
3/8/2020,260,54,19,,2,0,0,53,7
3/9/2020,333,73,5,,2,0,0,76,5
3/10/2020,438,105,14,,2,0,0,104,6
3/11/2020,612,174,22,,2,0,0,176,6
3/12/2020,1029,417,29,,2,0,0,425,7
3/13/2020,1969,940,61,,2,0,0,973,14
3/14/2020,2869,900,73,,2,0,0,920,15
3/15/2020,3900,1031,68,,2,0,0,1058,26
3/16/2020,6045,2145,150,,2,0,0,2218,18
3/17/2020,8729,2684,249,,2,0,0,2763,28
3/18/2020,11718,2989,259,,2,0,0,3075,156
3/19/2020,14623,2905,278,,2,0,0,2999,142
3/20/2020,18271,3648,388,,2,0,0,3749,123
3/21/2020,20805,2534,321,,2,0,0,2603,168
3/22/2020,22702,1897,286,,2,0,0,1944,158
3/23/2020,26491,3789,609,,2,0,0,3894,202
3/24/2020,30493,4002,719,,2,0,0,4116,207
3/25/2020,34598,4105,746,,2,0,0,4217,269
3/26/2020,39023,4425,936,,2,0,0,4540,298
3/27/2020,43400,4377,943,,2,0,0,4475,342
3/28/2020,46206,2806,655,,2,0,0,2871,331
3/29/2020,48280,2074,524,,2,0,0,2156,318
3/30/2020,53343,5063,1238,,2,0,0,5174,416
3/31/2020,58581,5238,1265,,2,0,0,5458,471
4/1/2020,63512,4931,1338,,2,0,0,5113,462
4/2/2020,68738,5226,1279,,5,3,1,5412,597
4/3/2020,74499,5761,1481,,5,0,0,5963,626
4/4/2020,78491,3992,1163,,9,4,1,4064,689
4/5/2020,81917,3426,976,,9,0,0,3575,538
4/6/2020,88592,6675,1932,,13,4,0,6842,775
4/7/2020,95177,6585,2024,,17,4,0,6688,951
4/8/2020,101990,6813,1867,,19,2,0,7012,960
4/9/2020,108444,6454,1982,,41,22,2,6779,1023
4/10/2020,116059,7615,2055,,41,0,0,7822,1032
4/11/2020,120444,4385,1297,,42,1,0,4515,794
4/12/2020,123539,3095,930,,45,3,2,3160,694
4/13/2020,129886,6347,2004,,53,8,0,6437,1100
4/14/2020,139667,9781,2875,,62,9,2,9886,1465
4/15/2020,149635,9968,2601,,72,10,2,10230,1442
4/16/2020,158575,8940,2389,,93,21,0,9004,1696
4/17/2020,169718,11143,3010,,173,80,5,11472,1741
4/18/2020,175784,6066,1483,,181,8,3,6375,1107
4/19/2020,180392,4608,1091,,191,10,1,4675,921
4/20/2020,191229,10837,2699,,255,64,6,11100,1876
4/21/2020,200727,9498,2199,,331,76,11,9725,2101
4/22/2020,213270,12543,2718,,479,148,17,12795,2602
4/23/2020,224119,10849,2417,,954,475,31,10913,2513
4/24/2020,236487,12368,2282,,1855,901,82,12378,2483
4/25/2020,244772,8285,1498,,2342,487,25,8444,1819
4/26/2020,249672,4900,848,,2798,456,37,4812,1396
4/27/2020,260687,11015,2127,,3942,1144,79,10891,2900
4/28/2020,273000,12313,2108,,5367,1425,83,12306,2971
4/29/2020,285675,12675,2186,,7077,1710,105,12617,2896
4/30/2020,299494,13819,2049,,8455,1378,116,13800,3084
5/1/2020,313676,14182,2084,,10231,1776,129,14078,3221
5/2/2020,320990,7314,1037,,10826,595,57,7361,1839
5/3/2020,326108,5118,735,,11230,404,42,5062,1401
5/4/2020,338293,12185,1888,,13215,1985,161,12016,3430
5/5/2020,351011,12718,1742,,15158,1943,157,12527,3494
5/6/2020,364394,13383,1711,,17090,1932,184,13144,3543
5/7/2020,377953,13559,1692,,19139,2049,173,13525,3565
5/8/2020,391342,13389,1462,,20997,1858,136,13286,3646
5/9/2020,397190,5848,684,,21621,624,37,5731,1954
5/10/2020,400365,3175,386,,21973,352,77,3099,1460
5/11/2020,412272,11907,1317,,23787,1814,162,11685,3961
5/12/2020,425654,13382,1458,,25640,1853,148,13157,4199
5/13/2020,439732,14078,1328,,27352,1712,178,13893,4035
5/14/2020,453270,13538,1323,,28958,1606,165,13304,4087
5/15/2020,467114,13844,1112,,30554,1596,142,13644,4126
5/16/2020,474266,7152,654,,31084,530,51,7028,2300
5/17/2020,478594,4328,371,115,31440,356,54,4268,1584
5/18/2020,492067,13473,1324,1,33030,1590,137,13240,4302
5/19/2020,504544,12477,1090,0,34707,1677,164,12314,4381
5/20/2020,517463,12919,1030,0,36532,1825,149,12694,4227
5/21/2020,529391,11928,992,0,38163,1631,191,11734,4275
5/22/2020,540501,11110,875,0,39763,1600,158,10926,3864
5/23/2020,545493,4992,393,0,40176,413,41,4918,1794
5/24/2020,549595,4102,304,0,40484,308,41,4027,1515
5/25/2020,552717,3122,200,0,40810,326,49,3081,1477
5/26/2020,564024,11307,886,0,42289,1479,129,11140,4302
5/27/2020,574295,10271,712,0,43709,1420,153,10123,3820
5/28/2020,583751,9456,654,0,44972,1263,176,9316,3534
5/29/2020,593899,10148,534,0,46260,1288,138,10017,3443
5/30/2020,599709,5810,275,0,46519,259,34,5767,1784
5/31/2020,603435,3726,164,0,46701,182,37,3682,1384
6/1/2020,612991,9556,516,0,47816,1115,164,9432,3452
6/2/2020,622497,9506,451,0,48882,1066,88,9408,3665
6/3/2020,632133,9636,474,0,49991,1109,126,9513,3604
6/4/2020,640805,8672,395,0,51011,1020,90,8579,3444
6/5/2020,649369,8564,343,0,52193,1182,149,8472,3053
6/6/2020,653958,4589,149,0,52470,277,32,4570,1688
6/7/2020,657507,3549,151,0,52641,171,24,3502,1448
6/8/2020,668269,10762,363,0,53613,972,101,10699,3233
6/9/2020,679279,11010,350,0,54744,1131,109,10902,3319
6/10/2020,689598,10319,255,0,55903,1159,135,10258,3140
6/11/2020,699938,10340,230,0,57087,1184,105,10277,2739
6/12/2020,710018,10080,254,0,58271,1184,81,10008,2909
6/13/2020,714862,4844,98,0,58485,214,21,4819,1653
6/14/2020,718628,3766,78,0,58657,172,25,3740,1341
6/15/2020,728989,10361,245,0,59770,1113,99,10290,3368
6/16/2020,739145,10156,204,0,60928,1158,83,10097,3259
6/17/2020,753419,14274,253,0,62098,1170,99,14215,3358
6/18/2020,766536,13117,232,0,63405,1307,82,13037,3007
6/19/2020,774150,7614,155,0,64461,1056,72,7570,2444
6/20/2020,778615,4465,72,0,64718,257,15,4453,1623
6/21/2020,781684,3069,59,0,64848,130,15,3051,1174
6/22/2020,787651,5967,118,0,65544,696,70,5931,2264
6/23/2020,790197,2546,62,0,65845,301,35,2535,1306
6/24/2020,790223,26,1,0,65845,0,0,25,16
