Date,Positive Total,Positive New,Probable Total,Probable New
1/29/2020,1,1,0,0
1/30/2020,1,0,0,0
1/31/2020,1,0,0,0
2/1/2020,1,0,0,0
2/2/2020,1,0,0,0
2/3/2020,1,0,0,0
2/4/2020,1,0,0,0
2/5/2020,1,0,0,0
2/6/2020,2,1,0,0
2/7/2020,2,0,0,0
2/8/2020,2,0,0,0
2/9/2020,2,0,0,0
2/10/2020,2,0,0,0
2/11/2020,2,0,0,0
2/12/2020,2,0,0,0
2/13/2020,2,0,0,0
2/14/2020,2,0,0,0
2/15/2020,2,0,0,0
2/16/2020,2,0,0,0
2/17/2020,2,0,0,0
2/18/2020,2,0,0,0
2/19/2020,2,0,0,0
2/20/2020,2,0,0,0
2/21/2020,2,0,0,0
2/22/2020,2,0,0,0
2/23/2020,2,0,0,0
2/24/2020,2,0,0,0
2/25/2020,2,0,0,0
2/26/2020,2,0,0,0
2/27/2020,2,0,0,0
2/28/2020,2,0,0,0
2/29/2020,2,0,0,0
3/1/2020,3,1,3,3
3/2/2020,3,0,5,2
3/3/2020,4,1,8,3
3/4/2020,6,2,9,1
3/5/2020,14,8,12,3
3/6/2020,28,14,12,0
3/7/2020,72,44,15,3
3/8/2020,91,19,20,5
3/9/2020,96,5,24,4
3/10/2020,110,14,30,6
3/11/2020,132,22,35,5
3/12/2020,161,29,39,4
3/13/2020,222,61,44,5
3/14/2020,295,73,48,4
3/15/2020,363,68,54,6
3/16/2020,513,150,57,3
3/17/2020,762,249,65,8
3/18/2020,1021,259,72,7
3/19/2020,1299,278,78,6
3/20/2020,1687,388,88,10
3/21/2020,2008,321,98,10
3/22/2020,2294,286,102,4
3/23/2020,2903,609,113,11
3/24/2020,3621,718,124,11
3/25/2020,4367,746,135,11
3/26/2020,5303,936,139,4
3/27/2020,6246,943,145,6
3/28/2020,6901,655,153,8
3/29/2020,7424,523,158,5
3/30/2020,8662,1238,160,2
3/31/2020,9927,1265,164,4
4/1/2020,11264,1337,169,5
4/2/2020,12542,1278,175,6
4/3/2020,14022,1480,183,8
4/4/2020,15185,1163,189,6
4/5/2020,16161,976,197,8
4/6/2020,18093,1932,203,6
4/7/2020,20115,2022,212,9
4/8/2020,21979,1864,221,9
4/9/2020,23957,1978,232,11
4/10/2020,26011,2054,240,8
4/11/2020,27307,1296,248,8
4/12/2020,28236,929,261,13
4/13/2020,30238,2002,267,6
4/14/2020,33111,2873,272,5
4/15/2020,35711,2600,286,14
4/16/2020,38099,2388,294,8
4/17/2020,41107,3008,312,18
4/18/2020,42589,1482,319,7
4/19/2020,43679,1090,323,4
4/20/2020,46374,2695,336,13
4/21/2020,48569,2195,354,18
4/22/2020,51284,2715,384,30
4/23/2020,53691,2407,411,27
4/24/2020,55974,2283,476,65
4/25/2020,57471,1497,498,22
4/26/2020,58319,848,529,31
4/27/2020,60449,2130,600,71
4/28/2020,62557,2108,663,63
4/29/2020,64747,2190,747,84
4/30/2020,66795,2048,847,100
5/1/2020,68880,2085,942,95
5/2/2020,69911,1031,1000,58
5/3/2020,70646,735,1033,33
5/4/2020,72527,1881,1169,136
5/5/2020,74265,1738,1297,128
5/6/2020,75967,1702,1439,142
5/7/2020,77650,1683,1561,122
5/8/2020,79110,1460,1655,94
5/9/2020,79794,684,1687,32
5/10/2020,80180,386,1748,61
5/11/2020,81492,1312,1859,111
5/12/2020,82948,1456,1976,117
5/13/2020,84269,1321,2106,130
5/14/2020,85585,1316,2233,127
5/15/2020,86694,1109,2328,95
5/16/2020,87345,651,2366,38
5/17/2020,87709,364,2414,48
5/18/2020,89026,1317,2514,100
5/19/2020,90106,1080,2636,122
5/20/2020,91128,1022,2742,106
5/21/2020,92106,978,2882,140
5/22/2020,92972,866,2992,110
5/23/2020,93362,390,3029,37
5/24/2020,93663,301,3068,39
5/25/2020,93861,198,3125,57
5/26/2020,94728,867,3225,100
5/27/2020,95422,694,3332,107
5/28/2020,96068,646,3451,119
5/29/2020,96601,533,3545,94
5/30/2020,96872,271,3581,36
5/31/2020,97034,162,3616,35
6/1/2020,97543,509,3681,65
6/2/2020,97990,447,3732,51
6/3/2020,98452,462,3807,75
6/4/2020,98836,384,3859,52
6/5/2020,99177,341,3951,92
6/6/2020,99326,149,3982,31
6/7/2020,99477,151,4002,20
6/8/2020,99833,356,4073,71
6/9/2020,100178,345,4153,80
6/10/2020,100435,257,4254,101
6/11/2020,100664,229,4333,79
6/12/2020,100921,257,4385,52
6/13/2020,101019,98,4404,19
6/14/2020,101095,76,4431,27
6/15/2020,101330,235,4507,76
6/16/2020,101529,199,4566,59
6/17/2020,101777,248,4655,89
6/18/2020,102019,242,4724,69
6/19/2020,102195,176,4782,58
6/20/2020,102289,94,4801,19
6/21/2020,102367,78,4816,15
6/22/2020,102596,229,4885,69
6/23/2020,102783,187,4973,88
6/24/2020,102994,211,5041,68
6/25/2020,103200,206,5120,79
6/26/2020,103400,200,5198,78
6/27/2020,103535,135,5218,20
6/28/2020,103604,69,5238,20
6/29/2020,103804,200,5307,69
6/30/2020,104020,216,5403,96
7/1/2020,104237,217,5513,110
7/2/2020,104461,224,5615,102
7/3/2020,104559,98,5674,59
7/4/2020,104621,62,5689,15
7/5/2020,104722,101,5721,32
7/6/2020,104962,240,5787,66
7/7/2020,105203,241,5896,109
7/8/2020,105420,217,5973,77
7/9/2020,105667,247,6064,91
7/10/2020,105880,213,6200,136
7/11/2020,105977,97,6242,42
7/12/2020,106049,72,6281,39
7/13/2020,106235,186,6388,107
7/14/2020,106408,173,6432,44
7/15/2020,106614,206,6517,85
7/16/2020,106797,183,6599,82
7/17/2020,106946,149,6689,90
7/18/2020,107034,88,6712,23
7/19/2020,107055,21,6731,19
7/20/2020,107056,1,6733,2
