Date,Molecular Total,Molecular New,Molecular Positive New,Molecular Missing,Serology Total,Serology New,Serology Positive New,First Molecular Test per person,Repeat Molecular Tests
1/22/2020,1,1,0,,0,0,0,1,0
1/23/2020,2,1,0,,0,0,0,1,0
1/24/2020,2,0,0,,0,0,0,0,0
1/25/2020,2,0,0,,0,0,0,0,0
1/26/2020,2,0,0,,0,0,0,0,0
1/27/2020,3,1,0,,0,0,0,1,0
1/28/2020,3,0,0,,0,0,0,0,0
1/29/2020,4,1,1,,0,0,0,1,0
1/30/2020,4,0,0,,0,0,0,0,0
1/31/2020,4,0,0,,0,0,0,0,0
2/1/2020,4,0,0,,0,0,0,0,0
2/2/2020,4,0,0,,0,0,0,0,0
2/3/2020,7,3,0,,0,0,0,3,0
2/4/2020,9,2,0,,0,0,0,2,0
2/5/2020,9,0,0,,0,0,0,0,0
2/6/2020,10,1,1,,0,0,0,1,0
2/7/2020,10,0,0,,0,0,0,0,0
2/8/2020,11,1,0,,0,0,0,1,0
2/9/2020,11,0,0,,0,0,0,0,0
2/10/2020,11,0,0,,0,0,0,0,1
2/11/2020,11,0,0,,0,0,0,0,0
2/12/2020,11,0,0,,0,0,0,1,0
2/13/2020,11,0,0,,0,0,0,0,0
2/14/2020,11,0,0,,0,0,0,0,0
2/15/2020,11,0,0,,0,0,0,0,0
2/16/2020,11,0,0,,0,0,0,0,0
2/17/2020,11,0,0,,0,0,0,0,0
2/18/2020,11,0,0,,0,0,0,0,0
2/19/2020,11,0,0,,0,0,0,0,0
2/20/2020,11,0,0,,0,0,0,0,1
2/21/2020,11,0,0,,0,0,0,0,0
2/22/2020,11,0,0,,0,0,0,0,0
2/23/2020,11,0,0,,0,0,0,0,0
2/24/2020,11,0,0,,1,1,0,0,2
2/25/2020,11,0,0,,1,0,0,0,0
2/26/2020,11,0,0,,1,0,0,0,0
2/27/2020,11,0,0,,1,0,0,0,0
2/28/2020,12,1,0,,1,0,0,0,2
2/29/2020,13,1,0,,1,0,0,1,0
3/1/2020,15,2,1,,1,0,0,2,2
3/2/2020,18,3,0,,1,0,0,3,3
3/3/2020,32,14,1,,2,1,0,14,1
3/4/2020,51,19,2,,2,0,0,19,3
3/5/2020,83,32,8,,2,0,0,33,3
3/6/2020,122,39,14,,2,0,0,43,7
3/7/2020,206,84,44,,2,0,0,86,14
3/8/2020,260,54,19,,2,0,0,53,7
3/9/2020,332,72,5,,2,0,0,76,5
3/10/2020,437,105,14,,2,0,0,104,6
3/11/2020,610,173,22,,2,0,0,176,6
3/12/2020,1028,418,29,,2,0,0,426,7
3/13/2020,1968,940,61,,2,0,0,972,14
3/14/2020,2867,899,73,,2,0,0,920,15
3/15/2020,3896,1029,68,,2,0,0,1057,27
3/16/2020,6041,2145,150,,2,0,0,2218,18
3/17/2020,8721,2680,249,,2,0,0,2762,28
3/18/2020,11700,2979,259,,2,0,0,3069,157
3/19/2020,14602,2902,278,,2,0,0,2997,142
3/20/2020,18245,3643,388,,2,0,0,3752,124
3/21/2020,20778,2533,321,,2,0,0,2603,168
3/22/2020,22674,1896,286,,2,0,0,1944,158
3/23/2020,26460,3786,609,,2,0,0,3895,202
3/24/2020,30453,3993,718,,2,0,0,4114,207
3/25/2020,34556,4103,746,,2,0,0,4216,269
3/26/2020,38976,4420,936,,2,0,0,4540,299
3/27/2020,43343,4367,943,,2,0,0,4474,342
3/28/2020,46145,2802,655,,2,0,0,2871,332
3/29/2020,48214,2069,523,,2,0,0,2155,318
3/30/2020,53270,5056,1238,,2,0,0,5174,416
3/31/2020,58506,5236,1265,,2,0,0,5459,472
4/1/2020,63427,4921,1337,,2,0,0,5113,463
4/2/2020,68642,5215,1277,,5,3,1,5410,597
4/3/2020,74393,5751,1480,,5,0,0,5960,626
4/4/2020,78384,3991,1163,,9,4,1,4064,690
4/5/2020,81805,3421,976,,9,0,0,3575,538
4/6/2020,88464,6659,1932,,13,4,0,6835,778
4/7/2020,95023,6559,2022,,17,4,0,6675,959
4/8/2020,101821,6798,1864,,19,2,0,6999,968
4/9/2020,108253,6432,1978,,41,22,2,6763,1033
4/10/2020,115834,7581,2054,,42,1,1,7797,1054
4/11/2020,120198,4364,1296,,43,1,0,4505,801
4/12/2020,123226,3028,929,,46,3,2,3097,705
4/13/2020,129515,6289,2002,,54,8,0,6382,1118
4/14/2020,139273,9758,2873,,63,9,2,9879,1465
4/15/2020,149207,9934,2600,,73,10,2,10224,1445
4/16/2020,158116,8909,2388,,94,21,0,8993,1708
4/17/2020,169213,11097,3008,,174,80,5,11460,1752
4/18/2020,175257,6044,1482,,182,8,3,6371,1110
4/19/2020,179850,4593,1090,,192,10,1,4669,927
4/20/2020,190643,10793,2695,,256,64,6,11076,1895
4/21/2020,200108,9465,2195,,332,76,11,9717,2110
4/22/2020,212593,12485,2715,,479,147,17,12765,2632
4/23/2020,223390,10797,2407,,953,474,31,10890,2535
4/24/2020,235749,12359,2283,,1851,898,82,12393,2498
4/25/2020,243999,8250,1497,,2338,487,25,8442,1823
4/26/2020,248889,4890,848,,2793,455,36,4804,1403
4/27/2020,259871,10982,2130,,3937,1144,79,10875,2919
4/28/2020,272143,12272,2108,,5361,1424,83,12292,2985
4/29/2020,284786,12643,2190,,7070,1709,105,12606,2914
4/30/2020,298541,13755,2048,,8448,1378,116,13755,3124
5/1/2020,312652,14111,2085,,10225,1777,130,14026,3268
5/2/2020,319925,7273,1031,,10820,595,57,7337,1861
5/3/2020,325031,5106,735,,11224,404,42,5052,1411
5/4/2020,337135,12104,1881,,13210,1986,162,11954,3493
5/5/2020,349797,12662,1738,,15152,1942,157,12479,3538
5/6/2020,363120,13323,1703,,17084,1932,184,13096,3590
5/7/2020,376604,13484,1683,,19133,2049,173,13451,3641
5/8/2020,389936,13332,1460,,20991,1858,136,13266,3678
5/9/2020,395769,5833,684,,21614,623,38,5721,1967
5/10/2020,398934,3165,386,,21966,352,77,3087,1471
5/11/2020,410788,11854,1312,,23781,1815,162,11642,4003
5/12/2020,424123,13335,1456,,25634,1853,148,13109,4252
5/13/2020,438128,14005,1321,,27346,1712,178,13813,4110
5/14/2020,451582,13454,1316,,28952,1606,165,13231,4156
5/15/2020,465387,13805,1109,,30544,1592,141,13599,4170
5/16/2020,472507,7120,651,,31074,530,51,6992,2338
5/17/2020,476802,4295,364,115,31429,355,54,4232,1619
5/18/2020,490191,13389,1317,1,33018,1589,137,13157,4382
5/19/2020,502600,12409,1080,0,34695,1677,164,12248,4449
5/20/2020,515473,12873,1022,0,36523,1828,149,12637,4281
5/21/2020,527317,11844,978,0,38183,1660,193,11643,4364
5/22/2020,538362,11045,866,0,39785,1602,158,10860,3927
5/23/2020,543334,4972,390,0,40198,413,41,4900,1811
5/24/2020,547419,4085,301,0,40505,307,41,4013,1528
5/25/2020,550531,3112,198,0,40831,326,49,3073,1484
5/26/2020,561783,11252,867,0,42313,1482,130,11094,4346
5/27/2020,571999,10216,694,0,43730,1417,152,10081,3864
5/28/2020,581427,9428,646,0,44993,1263,176,9292,3576
5/29/2020,591535,10108,533,0,46281,1288,138,9981,3497
5/30/2020,597333,5798,271,0,46539,258,34,5753,1800
5/31/2020,601044,3711,162,0,46722,183,38,3671,1392
6/1/2020,610568,9524,509,0,47838,1116,164,9403,3491
6/2/2020,620044,9476,447,0,48904,1066,88,9377,3698
6/3/2020,629633,9589,462,0,50038,1134,129,9455,3658
6/4/2020,638255,8622,384,0,51062,1024,90,8527,3500
6/5/2020,646784,8529,341,0,52244,1182,149,8450,3079
6/6/2020,651366,4582,149,0,52524,280,33,4566,1697
6/7/2020,654926,3560,151,0,52695,171,24,3515,1460
6/8/2020,665637,10711,356,0,53670,975,100,10654,3283
6/9/2020,676685,11048,345,0,54804,1134,109,10946,3406
6/10/2020,687012,10327,257,0,55966,1162,136,10270,3191
6/11/2020,697371,10359,229,0,57154,1188,105,10302,2797
6/12/2020,707498,10127,257,0,58360,1206,85,10067,2989
6/13/2020,712342,4844,98,0,58578,218,21,4823,1667
6/14/2020,716102,3760,77,0,58750,172,25,3737,1352
6/15/2020,726960,10858,235,0,59892,1142,113,10799,3422
6/16/2020,737471,10511,199,0,61064,1172,88,10462,3317
6/17/2020,751987,14516,248,0,62261,1197,113,14474,3429
6/18/2020,766232,14245,242,0,63602,1341,90,14193,3178
6/19/2020,775186,8954,176,0,64701,1099,83,8910,2777
6/20/2020,780660,5474,94,0,64965,264,16,5461,1851
6/21/2020,784547,3887,78,0,65106,141,16,3875,1351
6/22/2020,794733,10186,229,0,66184,1078,98,10140,3526
6/23/2020,805385,10652,187,0,67435,1251,128,10618,3545
6/24/2020,816134,10749,211,0,68723,1288,99,10699,3349
6/25/2020,825731,9597,206,0,69885,1162,107,9548,3114
6/26/2020,835989,10258,200,0,71096,1211,104,10243,3021
6/27/2020,842112,6123,135,0,71335,239,18,6098,1823
6/28/2020,846831,4719,69,0,71552,217,19,4713,1610
6/29/2020,859128,12297,200,0,72658,1106,100,12268,3892
6/30/2020,871574,12446,216,0,73856,1198,110,12387,3775
7/1/2020,882493,10919,218,0,74927,1071,102,10891,3602
7/2/2020,892805,10312,224,0,76016,1089,119,10285,3617
7/3/2020,898887,6082,98,0,76456,440,60,6069,2291
7/4/2020,901841,2954,62,0,76571,115,9,2943,1313
7/5/2020,906616,4775,101,0,76688,117,23,4757,1846
7/6/2020,919089,12473,240,0,77584,896,94,12421,4380
7/7/2020,933843,14754,239,0,78631,1047,122,14703,4729
7/8/2020,947597,13754,214,0,79547,916,90,13712,4835
7/9/2020,958613,11016,218,0,80497,950,116,10959,4332
7/10/2020,968711,10098,174,0,81621,1124,143,10063,4162
7/11/2020,974556,5845,80,0,81904,283,33,5827,2216
7/12/2020,978325,3769,65,0,82083,179,32,3757,1583
7/13/2020,989351,11026,182,0,83085,1002,113,10977,4234
7/14/2020,1000794,11443,155,0,83913,828,64,11416,4652
7/15/2020,1011317,10523,193,0,84750,837,98,10495,4384
7/16/2020,1017870,6553,142,0,85404,654,53,6514,3239
7/17/2020,1020247,2377,38,0,85623,219,21,2370,1243
7/18/2020,1020259,12,0,0,85623,0,0,12,11
