Date,Molecular Total,Molecular New,Molecular Positive New,Molecular Missing,Serology Total,Serology New,Serology Positive New,First Molecular Test per person,Repeat Molecular Tests
1/22/2020,1,1,0,,0,0,0,1,0
1/23/2020,2,1,0,,0,0,0,1,0
1/24/2020,2,0,0,,0,0,0,0,0
1/25/2020,2,0,0,,0,0,0,0,0
1/26/2020,2,0,0,,0,0,0,0,0
1/27/2020,3,1,0,,0,0,0,1,0
1/28/2020,3,0,0,,0,0,0,0,0
1/29/2020,4,1,1,,0,0,0,1,0
1/30/2020,4,0,0,,0,0,0,0,0
1/31/2020,4,0,0,,0,0,0,0,0
2/1/2020,4,0,0,,0,0,0,0,0
2/2/2020,4,0,0,,0,0,0,0,0
2/3/2020,7,3,0,,0,0,0,3,0
2/4/2020,9,2,0,,0,0,0,2,0
2/5/2020,9,0,0,,0,0,0,0,0
2/6/2020,10,1,1,,0,0,0,1,0
2/7/2020,10,0,0,,0,0,0,0,0
2/8/2020,11,1,0,,0,0,0,1,0
2/9/2020,11,0,0,,0,0,0,0,0
2/10/2020,11,0,0,,0,0,0,0,1
2/11/2020,11,0,0,,0,0,0,0,0
2/12/2020,11,0,0,,0,0,0,1,0
2/13/2020,11,0,0,,0,0,0,0,0
2/14/2020,11,0,0,,0,0,0,0,0
2/15/2020,11,0,0,,0,0,0,0,0
2/16/2020,11,0,0,,0,0,0,0,0
2/17/2020,11,0,0,,0,0,0,0,0
2/18/2020,11,0,0,,0,0,0,0,0
2/19/2020,11,0,0,,0,0,0,0,0
2/20/2020,11,0,0,,0,0,0,0,1
2/21/2020,11,0,0,,0,0,0,0,0
2/22/2020,11,0,0,,0,0,0,0,0
2/23/2020,11,0,0,,0,0,0,0,0
2/24/2020,11,0,0,,1,1,0,0,2
2/25/2020,11,0,0,,1,0,0,0,0
2/26/2020,11,0,0,,1,0,0,0,0
2/27/2020,11,0,0,,1,0,0,0,0
2/28/2020,12,1,0,,1,0,0,0,2
2/29/2020,13,1,0,,1,0,0,1,0
3/1/2020,15,2,1,,1,0,0,2,2
3/2/2020,18,3,0,,1,0,0,3,3
3/3/2020,32,14,1,,2,1,0,14,1
3/4/2020,51,19,2,,2,0,0,19,3
3/5/2020,83,32,8,,2,0,0,33,3
3/6/2020,122,39,14,,2,0,0,43,7
3/7/2020,206,84,44,,2,0,0,86,14
3/8/2020,260,54,19,,2,0,0,53,7
3/9/2020,333,73,5,,2,0,0,76,5
3/10/2020,438,105,14,,2,0,0,104,6
3/11/2020,611,173,22,,2,0,0,176,6
3/12/2020,1029,418,29,,2,0,0,426,7
3/13/2020,1969,940,61,,2,0,0,973,14
3/14/2020,2869,900,73,,2,0,0,920,15
3/15/2020,3899,1030,68,,2,0,0,1058,26
3/16/2020,6044,2145,150,,2,0,0,2218,18
3/17/2020,8725,2681,249,,2,0,0,2763,28
3/18/2020,11711,2986,259,,2,0,0,3074,156
3/19/2020,14615,2904,277,,2,0,0,3000,142
3/20/2020,18263,3648,388,,2,0,0,3753,123
3/21/2020,20796,2533,321,,2,0,0,2603,168
3/22/2020,22693,1897,286,,2,0,0,1944,158
3/23/2020,26482,3789,609,,2,0,0,3895,202
3/24/2020,30480,3998,719,,2,0,0,4115,207
3/25/2020,34583,4103,746,,2,0,0,4216,269
3/26/2020,39005,4422,936,,2,0,0,4540,299
3/27/2020,43377,4372,943,,2,0,0,4475,342
3/28/2020,46179,2802,655,,2,0,0,2871,332
3/29/2020,48248,2069,523,,2,0,0,2155,318
3/30/2020,53305,5057,1238,,2,0,0,5174,416
3/31/2020,58543,5238,1265,,2,0,0,5459,472
4/1/2020,63469,4926,1337,,2,0,0,5113,463
4/2/2020,68688,5219,1278,,5,3,1,5411,597
4/3/2020,74441,5753,1480,,5,0,0,5961,626
4/4/2020,78434,3993,1163,,9,4,1,4065,690
4/5/2020,81857,3423,976,,9,0,0,3575,538
4/6/2020,88530,6673,1932,,13,4,0,6842,775
4/7/2020,95103,6573,2023,,17,4,0,6686,954
4/8/2020,101912,6809,1866,,19,2,0,7009,962
4/9/2020,108355,6443,1980,,41,22,2,6770,1031
4/10/2020,115945,7590,2054,,41,0,0,7800,1052
4/11/2020,120314,4369,1296,,42,1,0,4506,801
4/12/2020,123398,3084,930,,45,3,2,3152,699
4/13/2020,129737,6339,2004,,53,8,0,6434,1105
4/14/2020,139504,9767,2873,,62,9,2,9881,1468
4/15/2020,149445,9941,2600,,72,10,2,10227,1442
4/16/2020,158367,8922,2389,,93,21,0,8999,1702
4/17/2020,169476,11109,3009,,173,80,5,11464,1749
4/18/2020,175525,6049,1483,,181,8,3,6374,1107
4/19/2020,180125,4600,1090,,191,10,1,4671,924
4/20/2020,190929,10804,2695,,255,64,6,11081,1891
4/21/2020,200403,9474,2195,,331,76,11,9721,2108
4/22/2020,212899,12496,2716,,479,148,17,12768,2628
4/23/2020,223708,10809,2413,,953,474,31,10898,2529
4/24/2020,236078,12370,2282,,1853,900,82,12397,2494
4/25/2020,244340,8262,1497,,2340,487,25,8444,1821
4/26/2020,249235,4895,848,,2795,455,36,4807,1401
4/27/2020,260226,10991,2131,,3939,1144,79,10881,2915
4/28/2020,272512,12286,2108,,5363,1424,83,12295,2983
4/29/2020,285169,12657,2190,,7072,1709,105,12615,2906
4/30/2020,298942,13773,2049,,8450,1378,116,13761,3118
5/1/2020,313077,14135,2085,,10226,1776,129,14036,3264
5/2/2020,320361,7284,1034,,10821,595,57,7346,1852
5/3/2020,325471,5110,735,,11225,404,42,5054,1409
5/4/2020,337608,12137,1887,,13210,1985,161,11975,3473
5/5/2020,350288,12680,1740,,15153,1943,157,12491,3527
5/6/2020,363643,13355,1710,,17085,1932,184,13116,3570
5/7/2020,377158,13515,1687,,19134,2049,173,13474,3619
5/8/2020,390509,13351,1462,,20992,1858,136,13266,3667
5/9/2020,396345,5836,684,,21615,623,38,5722,1963
5/10/2020,399515,3170,386,,21967,352,77,3094,1464
5/11/2020,411402,11887,1318,,23782,1815,162,11661,3986
5/12/2020,424759,13357,1460,,25635,1853,148,13126,4235
5/13/2020,438808,14049,1327,,27347,1712,178,13847,4082
5/14/2020,452310,13502,1321,,28953,1606,165,13265,4125
5/15/2020,466135,13825,1110,,30548,1595,141,13616,4151
5/16/2020,473273,7138,655,,31078,530,51,7008,2322
5/17/2020,477582,4309,367,115,31434,356,54,4245,1606
5/18/2020,491019,13437,1323,1,33023,1589,137,13202,4337
5/19/2020,503468,12449,1088,0,34700,1677,164,12291,4406
5/20/2020,516368,12900,1026,0,36524,1824,149,12670,4250
5/21/2020,528263,11895,991,0,38155,1631,191,11703,4306
5/22/2020,539338,11075,875,0,39755,1600,158,10891,3898
5/23/2020,544320,4982,393,0,40168,413,41,4909,1803
5/24/2020,548412,4092,303,0,40475,307,41,4019,1522
5/25/2020,551531,3119,200,0,40801,326,49,3078,1479
5/26/2020,562811,11280,883,0,42279,1478,129,11120,4321
5/27/2020,573049,10238,710,0,43697,1418,153,10100,3847
5/28/2020,582494,9445,652,0,44960,1263,176,9306,3555
5/29/2020,592619,10125,532,0,46248,1288,138,9997,3464
5/30/2020,598423,5804,274,0,46506,258,34,5762,1792
5/31/2020,602141,3718,163,0,46689,183,38,3674,1391
6/1/2020,611683,9542,514,0,47803,1114,164,9422,3473
6/2/2020,621168,9485,447,0,48868,1065,88,9383,3691
6/3/2020,630773,9605,469,0,49978,1110,126,9473,3642
6/4/2020,639414,8641,392,0,50997,1019,90,8548,3478
6/5/2020,647957,8543,343,0,52180,1183,150,8460,3067
6/6/2020,652543,4586,149,0,52460,280,33,4570,1692
6/7/2020,656089,3546,151,0,52631,171,24,3501,1453
6/8/2020,666825,10736,359,0,53605,974,100,10675,3264
6/9/2020,677904,11079,352,0,54737,1132,109,10977,3376
6/10/2020,688253,10349,261,0,55897,1160,135,10290,3173
6/11/2020,698626,10373,230,0,57085,1188,105,10313,2788
6/12/2020,708779,10153,260,0,58275,1190,82,10087,2971
6/13/2020,713630,4851,98,0,58493,218,21,4829,1662
6/14/2020,717392,3762,76,0,58665,172,25,3739,1350
6/15/2020,728266,10874,236,0,59795,1130,100,10812,3407
6/16/2020,738796,10530,199,0,60964,1169,83,10477,3303
6/17/2020,753331,14535,254,0,62150,1186,102,14482,3425
6/18/2020,767599,14268,242,0,63477,1327,82,14214,3161
6/19/2020,776573,8974,179,0,64569,1092,76,8926,2763
6/20/2020,782054,5481,95,0,64832,263,16,5468,1846
6/21/2020,785947,3893,79,0,64972,140,16,3880,1346
6/22/2020,796124,10177,230,0,66035,1063,83,10126,3514
6/23/2020,806784,10660,186,0,67276,1241,122,10622,3533
6/24/2020,817543,10759,211,0,68553,1277,92,10702,3321
6/25/2020,827136,9593,204,0,69706,1153,100,9541,3078
6/26/2020,837410,10274,204,0,70903,1197,91,10245,2995
6/27/2020,843536,6126,134,0,71140,237,15,6101,1814
6/28/2020,848262,4726,70,0,71356,216,18,4716,1609
6/29/2020,860478,12216,201,0,72450,1094,93,12180,3875
6/30/2020,872658,12180,205,0,73639,1189,106,12120,3721
7/1/2020,883055,10397,208,0,74671,1032,81,10365,3428
7/2/2020,890947,7892,179,0,75629,958,71,7859,2842
7/3/2020,894981,4034,59,0,76056,427,55,4019,1851
7/4/2020,897443,2462,50,0,76151,95,6,2452,1178
7/5/2020,900995,3552,68,0,76263,112,23,3538,1536
7/6/2020,907463,6468,126,0,76886,623,55,6438,2766
7/7/2020,910334,2871,46,0,77150,264,18,2861,1323
7/8/2020,910354,20,0,0,77150,0,0,20,11
