Date,Molecular Total,Molecular New,Molecular Positive New,Molecular Missing,Serology Total,Serology New,Serology Positive New,First Molecular Test per person,Repeat Molecular Tests
1/22/2020,1,1,0,,0,0,0,1,0
1/23/2020,2,1,0,,0,0,0,1,0
1/24/2020,2,0,0,,0,0,0,0,0
1/25/2020,2,0,0,,0,0,0,0,0
1/26/2020,2,0,0,,0,0,0,0,0
1/27/2020,3,1,0,,0,0,0,1,0
1/28/2020,3,0,0,,0,0,0,0,0
1/29/2020,4,1,1,,0,0,0,1,0
1/30/2020,4,0,0,,0,0,0,0,0
1/31/2020,4,0,0,,0,0,0,0,0
2/1/2020,4,0,0,,0,0,0,0,0
2/2/2020,4,0,0,,0,0,0,0,0
2/3/2020,7,3,0,,0,0,0,3,0
2/4/2020,9,2,0,,0,0,0,2,0
2/5/2020,9,0,0,,0,0,0,0,0
2/6/2020,10,1,1,,0,0,0,1,0
2/7/2020,10,0,0,,0,0,0,0,0
2/8/2020,11,1,0,,0,0,0,1,0
2/9/2020,11,0,0,,0,0,0,0,0
2/10/2020,11,0,0,,0,0,0,0,1
2/11/2020,11,0,0,,0,0,0,0,0
2/12/2020,11,0,0,,0,0,0,1,0
2/13/2020,11,0,0,,0,0,0,0,0
2/14/2020,11,0,0,,0,0,0,0,0
2/15/2020,11,0,0,,0,0,0,0,0
2/16/2020,11,0,0,,0,0,0,0,0
2/17/2020,11,0,0,,0,0,0,0,0
2/18/2020,11,0,0,,0,0,0,0,0
2/19/2020,11,0,0,,0,0,0,0,0
2/20/2020,11,0,0,,0,0,0,0,1
2/21/2020,11,0,0,,0,0,0,0,0
2/22/2020,11,0,0,,0,0,0,0,0
2/23/2020,11,0,0,,0,0,0,0,0
2/24/2020,11,0,0,,1,1,0,0,2
2/25/2020,11,0,0,,1,0,0,0,0
2/26/2020,11,0,0,,1,0,0,0,0
2/27/2020,11,0,0,,1,0,0,0,0
2/28/2020,12,1,0,,1,0,0,0,2
2/29/2020,13,1,0,,1,0,0,1,0
3/1/2020,15,2,1,,1,0,0,2,2
3/2/2020,18,3,0,,1,0,0,3,3
3/3/2020,32,14,1,,2,1,0,14,1
3/4/2020,51,19,2,,2,0,0,19,3
3/5/2020,83,32,8,,2,0,0,33,3
3/6/2020,121,38,14,,2,0,0,42,7
3/7/2020,205,84,44,,2,0,0,86,14
3/8/2020,259,54,19,,2,0,0,53,7
3/9/2020,331,72,5,,2,0,0,76,5
3/10/2020,435,104,14,,2,0,0,103,6
3/11/2020,608,173,22,,2,0,0,176,6
3/12/2020,1026,418,29,,2,0,0,426,7
3/13/2020,1963,937,61,,2,0,0,971,14
3/14/2020,2862,899,73,,2,0,0,920,15
3/15/2020,3889,1027,68,,2,0,0,1057,27
3/16/2020,6030,2141,150,,2,0,0,2217,18
3/17/2020,8707,2677,249,,2,0,0,2762,28
3/18/2020,11685,2978,259,,2,0,0,3069,157
3/19/2020,14583,2898,278,,2,0,0,2996,142
3/20/2020,18222,3639,388,,2,0,0,3751,124
3/21/2020,20751,2529,321,,2,0,0,2603,168
3/22/2020,22645,1894,286,,2,0,0,1943,159
3/23/2020,26428,3783,609,,2,0,0,3895,202
3/24/2020,30417,3989,718,,2,0,0,4114,207
3/25/2020,34515,4098,746,,2,0,0,4215,269
3/26/2020,38929,4414,936,,2,0,0,4538,299
3/27/2020,43289,4360,943,,2,0,0,4473,342
3/28/2020,46088,2799,654,,2,0,0,2870,332
3/29/2020,48156,2068,523,,2,0,0,2155,318
3/30/2020,53201,5045,1238,,2,0,0,5165,416
3/31/2020,58435,5234,1266,,2,0,0,5459,471
4/1/2020,63355,4920,1337,,2,0,0,5113,463
4/2/2020,68565,5210,1278,,5,3,1,5407,597
4/3/2020,74290,5725,1480,,5,0,0,5938,629
4/4/2020,78263,3973,1163,,9,4,1,4054,690
4/5/2020,81667,3404,977,,9,0,0,3563,539
4/6/2020,88289,6622,1932,,13,4,0,6808,783
4/7/2020,94823,6534,2022,,17,4,0,6660,967
4/8/2020,101594,6771,1864,,19,2,0,6978,983
4/9/2020,108008,6414,1978,,41,22,2,6754,1040
4/10/2020,115574,7566,2054,,42,1,1,7792,1060
4/11/2020,119926,4352,1297,,43,1,0,4498,808
4/12/2020,122941,3015,929,,46,3,2,3091,711
4/13/2020,129190,6249,2002,,54,8,0,6346,1134
4/14/2020,138911,9721,2871,,62,8,2,9850,1495
4/15/2020,148798,9887,2599,,72,10,2,10191,1462
4/16/2020,157683,8885,2389,,93,21,0,8983,1723
4/17/2020,168738,11055,3006,,173,80,5,11433,1773
4/18/2020,174743,6005,1481,,181,8,3,6338,1141
4/19/2020,179317,4574,1089,,191,10,1,4658,938
4/20/2020,190041,10724,2692,,255,64,6,11036,1929
4/21/2020,199463,9422,2190,,331,76,11,9691,2133
4/22/2020,211901,12438,2715,,478,147,17,12735,2664
4/23/2020,222659,10758,2408,,951,473,31,10871,2555
4/24/2020,234995,12336,2283,,1849,898,82,12384,2520
4/25/2020,243185,8190,1496,,2336,487,25,8422,1844
4/26/2020,248056,4871,847,,2791,455,36,4792,1415
4/27/2020,258999,10943,2130,,3933,1142,79,10849,2946
4/28/2020,271234,12235,2107,,5355,1422,83,12273,3002
4/29/2020,283807,12573,2190,,7060,1705,105,12573,2941
4/30/2020,297523,13716,2048,,8438,1378,116,13726,3149
5/1/2020,311585,14062,2084,,10215,1777,130,13994,3297
5/2/2020,318818,7233,1031,,10809,594,57,7313,1884
5/3/2020,323901,5083,735,,11213,404,42,5035,1426
5/4/2020,335952,12051,1881,,13233,2020,162,11912,3532
5/5/2020,348548,12596,1738,,15210,1977,157,12435,3580
5/6/2020,361810,13262,1700,,17189,1979,184,13069,3616
5/7/2020,375260,13450,1683,,19256,2067,173,13422,3671
5/8/2020,388520,13260,1460,,21140,1884,136,13214,3729
5/9/2020,394335,5815,684,,21768,628,38,5709,1979
5/10/2020,397491,3156,386,,22122,354,77,3079,1479
5/11/2020,409282,11791,1311,,23965,1843,162,11610,4029
5/12/2020,422548,13266,1456,,25838,1873,148,13065,4293
5/13/2020,436497,13949,1320,,27583,1745,178,13768,4152
5/14/2020,449877,13380,1316,,29214,1631,165,13182,4197
5/15/2020,463638,13761,1107,,30830,1616,141,13573,4196
5/16/2020,470738,7100,650,,31365,535,51,6981,2348
5/17/2020,475024,4286,365,115,31723,358,54,4228,1623
5/18/2020,488397,13373,1326,1,33350,1627,137,13159,4431
5/19/2020,500746,12349,1080,0,35054,1704,164,12204,4492
5/20/2020,513598,12852,1022,0,36915,1861,149,12632,4298
5/21/2020,525328,11730,969,0,38621,1706,193,11546,4399
5/22/2020,536347,11019,866,0,40265,1644,158,10846,3945
5/23/2020,541309,4962,390,0,40686,421,41,4896,1815
5/24/2020,545388,4079,301,0,41000,314,41,4011,1533
5/25/2020,548488,3100,198,0,41330,330,49,3069,1489
5/26/2020,559715,11227,867,0,42849,1519,130,11078,4359
5/27/2020,569909,10194,694,0,44287,1438,153,10071,3872
5/28/2020,579308,9399,646,0,45581,1294,178,9272,3584
5/29/2020,589392,10084,533,0,46905,1324,138,9964,3512
5/30/2020,595182,5790,270,0,47169,264,35,5742,1813
5/31/2020,598885,3703,162,0,47358,189,38,3661,1401
6/1/2020,608389,9504,508,0,48509,1151,165,9392,3501
6/2/2020,617850,9461,447,0,49611,1102,88,9365,3709
6/3/2020,627407,9557,462,0,50774,1163,124,9416,3695
6/4/2020,636002,8595,383,0,51845,1071,91,8500,3524
6/5/2020,644515,8513,339,0,53053,1208,150,8438,3086
6/6/2020,649090,4575,149,0,53341,288,33,4561,1704
6/7/2020,652640,3550,151,0,53514,173,24,3509,1466
6/8/2020,663338,10698,355,0,54526,1012,102,10646,3299
6/9/2020,674348,11010,344,0,55696,1170,109,10912,3440
6/10/2020,684623,10275,257,0,56896,1200,137,10233,3204
6/11/2020,694927,10304,229,0,58128,1232,106,10257,2825
6/12/2020,704996,10069,256,0,59369,1241,85,10011,3000
6/13/2020,709790,4794,98,0,59599,230,22,4776,1659
6/14/2020,713503,3713,77,0,59775,176,25,3691,1349
6/15/2020,724254,10751,235,0,60953,1178,114,10703,3429
6/16/2020,734686,10432,200,0,62160,1207,88,10387,3318
6/17/2020,749175,14489,248,0,63386,1226,115,14461,3434
6/18/2020,763372,14197,241,0,64756,1370,90,14155,3184
6/19/2020,772255,8883,176,0,65882,1126,83,8849,2773
6/20/2020,777637,5382,93,0,66153,271,18,5371,1841
6/21/2020,781519,3882,79,0,66298,145,16,3872,1356
6/22/2020,791603,10084,228,0,67404,1106,98,10042,3554
6/23/2020,802143,10540,190,0,68697,1293,129,10520,3553
6/24/2020,812808,10665,211,0,70018,1321,100,10621,3379
6/25/2020,822371,9563,206,0,71221,1203,109,9523,3119
6/26/2020,832584,10213,200,0,72473,1252,106,10209,3022
6/27/2020,838636,6052,134,0,72716,243,19,6031,1806
6/28/2020,843283,4647,70,0,72937,221,19,4651,1600
6/29/2020,855483,12200,201,0,74067,1130,100,12189,3927
6/30/2020,867866,12383,220,0,75295,1228,111,12329,3783
7/1/2020,878766,10900,218,0,76394,1099,103,10882,3643
7/2/2020,889053,10287,223,0,77511,1117,120,10278,3638
7/3/2020,895103,6050,97,0,77940,429,61,6043,2299
7/4/2020,898072,2969,61,0,78057,117,9,2959,1318
7/5/2020,902879,4807,100,0,78178,121,23,4790,1857
7/6/2020,915441,12562,239,0,79101,923,94,12522,4455
7/7/2020,930358,14917,241,0,80168,1067,117,14876,4837
7/8/2020,944732,14374,215,0,81111,943,89,14348,5155
7/9/2020,957584,12852,253,0,82080,969,116,12801,4938
7/10/2020,970793,13209,230,0,83231,1151,143,13194,5059
7/11/2020,978292,7499,116,0,83519,288,34,7483,2679
7/12/2020,983384,5092,90,0,83703,184,32,5078,1889
7/13/2020,998157,14773,266,0,84759,1056,116,14715,5229
7/14/2020,1013246,15089,231,0,85743,984,91,15057,5763
7/15/2020,1028401,15155,300,0,86677,934,104,15123,5662
7/16/2020,1040885,12484,244,0,87607,930,108,12415,5002
7/17/2020,1053704,12819,224,0,88584,977,142,12767,5076
7/18/2020,1061751,8047,129,0,88868,284,62,8024,2829
7/19/2020,1067209,5458,72,0,88987,119,24,5452,2020
7/20/2020,1079960,12751,284,0,89899,912,76,12688,4608
7/21/2020,1094230,14270,259,0,90934,1035,114,14239,5221
7/22/2020,1107361,13131,257,0,91888,954,119,13088,5067
7/23/2020,1121068,13707,258,0,92777,889,149,13661,6213
7/24/2020,1133350,12282,259,0,93562,785,109,12236,4846
7/25/2020,1141263,7913,160,0,93694,132,6,7891,3224
7/26/2020,1146281,5018,102,0,93788,94,7,4987,2152
7/27/2020,1162257,15976,359,0,94752,964,147,15867,5996
7/28/2020,1179710,17453,317,0,95634,882,120,17356,7777
7/29/2020,1195121,15411,317,0,96501,867,122,15317,6548
7/30/2020,1210676,15555,439,0,97270,769,103,15377,6893
7/31/2020,1225037,14361,322,0,97956,686,103,14289,6322
8/1/2020,1232582,7545,144,0,98085,129,14,7517,2913
8/2/2020,1237840,5258,104,0,98214,129,44,5239,2288
8/3/2020,1251861,14021,225,0,98881,667,73,13951,6608
8/4/2020,1260425,8564,137,0,99489,608,49,8536,5045
8/5/2020,1262860,2435,42,0,99768,279,19,2423,1515
8/6/2020,1262877,17,0,0,99768,0,0,17,11
