Date,Positive Total,Positive New,Probable Total,Probable New
1/29/2020,1,1,0,0
1/30/2020,1,0,0,0
1/31/2020,1,0,0,0
2/1/2020,1,0,0,0
2/2/2020,1,0,0,0
2/3/2020,1,0,0,0
2/4/2020,1,0,0,0
2/5/2020,1,0,0,0
2/6/2020,2,1,0,0
2/7/2020,2,0,0,0
2/8/2020,2,0,0,0
2/9/2020,2,0,0,0
2/10/2020,2,0,0,0
2/11/2020,2,0,0,0
2/12/2020,2,0,0,0
2/13/2020,2,0,0,0
2/14/2020,2,0,0,0
2/15/2020,2,0,0,0
2/16/2020,2,0,0,0
2/17/2020,2,0,0,0
2/18/2020,2,0,0,0
2/19/2020,2,0,0,0
2/20/2020,2,0,0,0
2/21/2020,2,0,0,0
2/22/2020,2,0,0,0
2/23/2020,2,0,0,0
2/24/2020,2,0,0,0
2/25/2020,2,0,0,0
2/26/2020,2,0,0,0
2/27/2020,2,0,0,0
2/28/2020,2,0,0,0
2/29/2020,2,0,0,0
3/1/2020,3,1,3,3
3/2/2020,3,0,5,2
3/3/2020,4,1,8,3
3/4/2020,6,2,9,1
3/5/2020,14,8,12,3
3/6/2020,28,14,12,0
3/7/2020,72,44,15,3
3/8/2020,91,19,20,5
3/9/2020,96,5,24,4
3/10/2020,110,14,30,6
3/11/2020,132,22,35,5
3/12/2020,161,29,39,4
3/13/2020,222,61,45,6
3/14/2020,295,73,49,4
3/15/2020,363,68,55,6
3/16/2020,513,150,58,3
3/17/2020,762,249,66,8
3/18/2020,1021,259,73,7
3/19/2020,1299,278,79,6
3/20/2020,1687,388,90,11
3/21/2020,2008,321,100,10
3/22/2020,2294,286,104,4
3/23/2020,2903,609,115,11
3/24/2020,3621,718,126,11
3/25/2020,4367,746,137,11
3/26/2020,5303,936,142,5
3/27/2020,6246,943,149,7
3/28/2020,6900,654,157,8
3/29/2020,7423,523,163,6
3/30/2020,8661,1238,165,2
3/31/2020,9927,1266,170,5
4/1/2020,11264,1337,175,5
4/2/2020,12542,1278,181,6
4/3/2020,14022,1480,189,8
4/4/2020,15185,1163,196,7
4/5/2020,16162,977,205,9
4/6/2020,18094,1932,210,5
4/7/2020,20116,2022,220,10
4/8/2020,21980,1864,229,9
4/9/2020,23958,1978,240,11
4/10/2020,26012,2054,248,8
4/11/2020,27309,1297,256,8
4/12/2020,28238,929,269,13
4/13/2020,30240,2002,275,6
4/14/2020,33111,2871,280,5
4/15/2020,35710,2599,294,14
4/16/2020,38098,2388,302,8
4/17/2020,41104,3006,320,18
4/18/2020,42585,1481,328,8
4/19/2020,43674,1089,332,4
4/20/2020,46366,2692,345,13
4/21/2020,48556,2190,363,18
4/22/2020,51271,2715,393,30
4/23/2020,53679,2408,419,26
4/24/2020,55962,2283,484,65
4/25/2020,57458,1496,506,22
4/26/2020,58305,847,536,30
4/27/2020,60435,2130,607,71
4/28/2020,62542,2107,670,63
4/29/2020,64732,2190,753,83
4/30/2020,66780,2048,854,101
5/1/2020,68864,2084,950,96
5/2/2020,69895,1031,1008,58
5/3/2020,70630,735,1041,33
5/4/2020,72511,1881,1177,136
5/5/2020,74249,1738,1305,128
5/6/2020,75949,1700,1446,141
5/7/2020,77632,1683,1568,122
5/8/2020,79093,1461,1662,94
5/9/2020,79777,684,1694,32
5/10/2020,80163,386,1756,62
5/11/2020,81476,1313,1867,111
5/12/2020,82932,1456,1987,120
5/13/2020,84251,1319,2118,131
5/14/2020,85567,1316,2245,127
5/15/2020,86674,1107,2340,95
5/16/2020,87324,650,2379,39
5/17/2020,87690,366,2426,47
5/18/2020,89016,1326,2527,101
5/19/2020,90094,1078,2647,120
5/20/2020,91114,1020,2753,106
5/21/2020,92083,969,2893,140
5/22/2020,92949,866,3003,110
5/23/2020,93339,390,3041,38
5/24/2020,93640,301,3080,39
5/25/2020,93838,198,3137,57
5/26/2020,94705,867,3237,100
5/27/2020,95399,694,3345,108
5/28/2020,96045,646,3464,119
5/29/2020,96578,533,3557,93
5/30/2020,96848,270,3594,37
5/31/2020,97010,162,3628,34
6/1/2020,97517,507,3693,65
6/2/2020,97964,447,3744,51
6/3/2020,98426,462,3815,71
6/4/2020,98809,383,3867,52
6/5/2020,99148,339,3960,93
6/6/2020,99297,149,3992,32
6/7/2020,99448,151,4012,20
6/8/2020,99803,355,4084,72
6/9/2020,100147,344,4164,80
6/10/2020,100404,257,4268,104
6/11/2020,100633,229,4345,77
6/12/2020,100889,256,4397,52
6/13/2020,100987,98,4417,20
6/14/2020,101064,77,4444,27
6/15/2020,101299,235,4520,76
6/16/2020,101499,200,4581,61
6/17/2020,101747,248,4669,88
6/18/2020,101988,241,4739,70
6/19/2020,102164,176,4797,58
6/20/2020,102257,93,4817,20
6/21/2020,102336,79,4832,15
6/22/2020,102564,228,4901,69
6/23/2020,102754,190,4988,87
6/24/2020,102965,211,5058,70
6/25/2020,103171,206,5139,81
6/26/2020,103371,200,5217,78
6/27/2020,103505,134,5238,21
6/28/2020,103575,70,5259,21
6/29/2020,103776,201,5328,69
6/30/2020,103996,220,5425,97
7/1/2020,104214,218,5534,109
7/2/2020,104437,223,5634,100
7/3/2020,104534,97,5693,59
7/4/2020,104595,61,5706,13
7/5/2020,104695,100,5740,34
7/6/2020,104934,239,5806,66
7/7/2020,105175,241,5908,102
7/8/2020,105390,215,5987,79
7/9/2020,105643,253,6080,93
7/10/2020,105873,230,6214,134
7/11/2020,105989,116,6256,42
7/12/2020,106078,89,6297,41
7/13/2020,106344,266,6408,111
7/14/2020,106577,233,6482,74
7/15/2020,106877,300,6575,93
7/16/2020,107122,245,6666,91
7/17/2020,107346,224,6783,117
7/18/2020,107475,129,6854,71
7/19/2020,107547,72,6901,47
7/20/2020,107832,285,6973,72
7/21/2020,108095,263,7092,119
7/22/2020,108353,258,7201,109
7/23/2020,108611,258,7368,167
7/24/2020,108870,259,7473,105
7/25/2020,109030,160,7499,26
7/26/2020,109132,102,7542,43
7/27/2020,109492,360,7697,155
7/28/2020,109812,320,7805,108
7/29/2020,110132,320,7918,113
7/30/2020,110576,444,8014,96
7/31/2020,110914,338,8137,123
8/1/2020,111060,146,8155,18
8/2/2020,111172,112,8202,47
8/3/2020,111498,326,8309,107
8/4/2020,111762,264,8426,117
8/5/2020,112040,278,8487,61
8/6/2020,112277,237,8533,46
8/7/2020,112421,144,8573,40
8/8/2020,112458,37,8576,3
8/9/2020,112459,1,8581,5
