Date,Molecular Total,Molecular New,Molecular Positive New,Molecular Missing,Serology Total,Serology New,Serology Positive New,First Molecular Test per person,Repeat Molecular Tests
1/22/2020,1,1,0,,0,0,0,1,0
1/23/2020,2,1,0,,0,0,0,1,0
1/24/2020,2,0,0,,0,0,0,0,0
1/25/2020,2,0,0,,0,0,0,0,0
1/26/2020,2,0,0,,0,0,0,0,0
1/27/2020,3,1,0,,0,0,0,1,0
1/28/2020,3,0,0,,0,0,0,0,0
1/29/2020,4,1,1,,0,0,0,1,0
1/30/2020,4,0,0,,0,0,0,0,0
1/31/2020,4,0,0,,0,0,0,0,0
2/1/2020,4,0,0,,0,0,0,0,0
2/2/2020,4,0,0,,0,0,0,0,0
2/3/2020,7,3,0,,0,0,0,3,0
2/4/2020,9,2,0,,0,0,0,2,0
2/5/2020,9,0,0,,0,0,0,0,0
2/6/2020,10,1,1,,0,0,0,1,0
2/7/2020,10,0,0,,0,0,0,0,0
2/8/2020,11,1,0,,0,0,0,1,0
2/9/2020,11,0,0,,0,0,0,0,0
2/10/2020,11,0,0,,0,0,0,0,1
2/11/2020,11,0,0,,0,0,0,0,0
2/12/2020,11,0,0,,0,0,0,1,0
2/13/2020,11,0,0,,0,0,0,0,0
2/14/2020,11,0,0,,0,0,0,0,0
2/15/2020,11,0,0,,0,0,0,0,0
2/16/2020,11,0,0,,0,0,0,0,0
2/17/2020,11,0,0,,0,0,0,0,0
2/18/2020,11,0,0,,0,0,0,0,0
2/19/2020,11,0,0,,0,0,0,0,0
2/20/2020,11,0,0,,0,0,0,0,1
2/21/2020,11,0,0,,0,0,0,0,0
2/22/2020,11,0,0,,0,0,0,0,0
2/23/2020,11,0,0,,0,0,0,0,0
2/24/2020,11,0,0,,1,1,0,0,2
2/25/2020,11,0,0,,1,0,0,0,0
2/26/2020,11,0,0,,1,0,0,0,0
2/27/2020,11,0,0,,1,0,0,0,0
2/28/2020,12,1,0,,1,0,0,0,2
2/29/2020,13,1,0,,1,0,0,1,0
3/1/2020,15,2,1,,1,0,0,2,2
3/2/2020,18,3,0,,1,0,0,3,3
3/3/2020,32,14,1,,2,1,0,14,1
3/4/2020,51,19,2,,2,0,0,19,3
3/5/2020,83,32,8,,2,0,0,33,3
3/6/2020,121,38,14,,2,0,0,42,7
3/7/2020,205,84,44,,2,0,0,86,14
3/8/2020,260,55,19,,2,0,0,54,7
3/9/2020,332,72,5,,2,0,0,76,5
3/10/2020,436,104,14,,2,0,0,103,6
3/11/2020,609,173,22,,2,0,0,176,6
3/12/2020,1026,417,29,,2,0,0,425,7
3/13/2020,1963,937,61,,2,0,0,971,14
3/14/2020,2862,899,73,,2,0,0,920,15
3/15/2020,3889,1027,68,,2,0,0,1057,27
3/16/2020,6030,2141,150,,2,0,0,2217,18
3/17/2020,8707,2677,249,,2,0,0,2762,28
3/18/2020,11685,2978,259,,2,0,0,3069,157
3/19/2020,14583,2898,278,,2,0,0,2996,142
3/20/2020,18221,3638,388,,2,0,0,3751,124
3/21/2020,20750,2529,321,,2,0,0,2603,168
3/22/2020,22644,1894,286,,2,0,0,1943,159
3/23/2020,26425,3781,609,,2,0,0,3895,202
3/24/2020,30412,3987,718,,2,0,0,4112,207
3/25/2020,34510,4098,746,,2,0,0,4215,269
3/26/2020,38922,4412,936,,2,0,0,4537,299
3/27/2020,43282,4360,943,,2,0,0,4473,342
3/28/2020,46081,2799,654,,2,0,0,2870,332
3/29/2020,48149,2068,523,,2,0,0,2155,318
3/30/2020,53191,5042,1238,,2,0,0,5165,416
3/31/2020,58425,5234,1266,,2,0,0,5459,471
4/1/2020,63345,4920,1337,,2,0,0,5113,463
4/2/2020,68555,5210,1278,,5,3,1,5407,597
4/3/2020,74279,5724,1480,,5,0,0,5938,629
4/4/2020,78251,3972,1163,,9,4,1,4054,690
4/5/2020,81655,3404,977,,9,0,0,3563,539
4/6/2020,88263,6608,1932,,13,4,0,6797,783
4/7/2020,94792,6529,2022,,17,4,0,6655,967
4/8/2020,101558,6766,1864,,19,2,0,6975,983
4/9/2020,107958,6400,1978,,41,22,2,6743,1041
4/10/2020,115521,7563,2054,,42,1,1,7789,1062
4/11/2020,119869,4348,1297,,43,1,0,4497,810
4/12/2020,122882,3013,929,,46,3,2,3089,713
4/13/2020,129128,6246,2002,,54,8,0,6344,1136
4/14/2020,138845,9717,2871,,62,8,2,9847,1498
4/15/2020,148727,9882,2599,,72,10,2,10185,1468
4/16/2020,157597,8870,2388,,93,21,0,8970,1736
4/17/2020,168637,11040,3006,,173,80,5,11419,1784
4/18/2020,174631,5994,1481,,181,8,3,6328,1151
4/19/2020,179203,4572,1089,,191,10,1,4657,939
4/20/2020,189924,10721,2692,,255,64,6,11033,1932
4/21/2020,199333,9409,2190,,331,76,11,9682,2141
4/22/2020,211749,12416,2715,,478,147,17,12715,2683
4/23/2020,222499,10750,2408,,951,473,31,10864,2561
4/24/2020,234823,12324,2283,,1849,898,82,12374,2529
4/25/2020,243005,8182,1496,,2336,487,25,8418,1848
4/26/2020,247872,4867,847,,2791,455,36,4789,1419
4/27/2020,258805,10933,2130,,3933,1142,79,10842,2953
4/28/2020,271034,12229,2107,,5354,1421,83,12268,3007
4/29/2020,283604,12570,2190,,7057,1703,105,12572,2942
4/30/2020,297304,13700,2048,,8435,1378,116,13713,3161
5/1/2020,311353,14049,2084,,10212,1777,130,13985,3306
5/2/2020,318576,7223,1031,,10806,594,57,7305,1892
5/3/2020,323655,5079,735,,11210,404,42,5032,1430
5/4/2020,335699,12044,1881,,13230,2020,162,11906,3538
5/5/2020,348282,12583,1738,,15207,1977,157,12426,3587
5/6/2020,361531,13249,1700,,17186,1979,184,13062,3623
5/7/2020,374962,13431,1683,,19253,2067,173,13408,3683
5/8/2020,388211,13249,1461,,21137,1884,136,13210,3735
5/9/2020,394024,5813,684,,21764,627,38,5708,1980
5/10/2020,397177,3153,386,,22118,354,77,3077,1482
5/11/2020,408962,11785,1313,,23959,1841,162,11607,4037
5/12/2020,422219,13257,1456,,25832,1873,148,13062,4297
5/13/2020,436166,13947,1319,,27577,1745,178,13768,4154
5/14/2020,449525,13359,1316,,29208,1631,165,13170,4206
5/15/2020,463276,13751,1107,,30823,1615,141,13565,4203
5/16/2020,470374,7098,650,,31358,535,51,6980,2361
5/17/2020,474662,4288,366,115,31716,358,54,4231,1624
5/18/2020,488024,13362,1326,1,33343,1627,137,13156,4434
5/19/2020,500363,12339,1078,0,35047,1704,164,12197,4492
5/20/2020,513193,12830,1020,0,36908,1861,149,12613,4297
5/21/2020,524918,11725,969,0,38614,1706,193,11543,4401
5/22/2020,535931,11013,866,0,40258,1644,158,10842,3949
5/23/2020,540890,4959,390,0,40679,421,41,4895,1816
5/24/2020,544969,4079,301,0,40993,314,41,4011,1533
5/25/2020,548065,3096,198,0,41323,330,49,3065,1493
5/26/2020,559289,11224,867,0,42842,1519,130,11076,4360
5/27/2020,569477,10188,694,0,44280,1438,153,10069,3874
5/28/2020,578870,9393,646,0,45574,1294,178,9269,3587
5/29/2020,588949,10079,533,0,46898,1324,138,9959,3517
5/30/2020,594736,5787,270,0,47162,264,35,5741,1814
5/31/2020,598438,3702,162,0,47351,189,38,3660,1402
6/1/2020,607933,9495,507,0,48502,1151,165,9388,3504
6/2/2020,617389,9456,447,0,49604,1102,88,9363,3711
6/3/2020,626940,9551,462,0,50767,1163,124,9410,3701
6/4/2020,635532,8592,383,0,51838,1071,91,8496,3528
6/5/2020,644041,8509,339,0,53046,1208,150,8435,3089
6/6/2020,648614,4573,149,0,53334,288,33,4559,1706
6/7/2020,652163,3549,151,0,53507,173,24,3509,1466
6/8/2020,662855,10692,355,0,54519,1012,102,10642,3304
6/9/2020,673853,10998,344,0,55687,1168,109,10905,3450
6/10/2020,684118,10265,257,0,56887,1200,137,10223,3214
6/11/2020,694413,10295,229,0,58119,1232,106,10248,2834
6/12/2020,704477,10064,256,0,59360,1241,85,10006,3005
6/13/2020,709269,4792,98,0,59589,229,22,4775,1660
6/14/2020,712980,3711,77,0,59765,176,25,3690,1350
6/15/2020,723722,10742,235,0,60943,1178,114,10695,3437
6/16/2020,734138,10416,200,0,62150,1207,88,10373,3330
6/17/2020,748616,14478,248,0,63376,1226,115,14456,3439
6/18/2020,762805,14189,241,0,64746,1370,90,14149,3191
6/19/2020,771688,8883,176,0,65872,1126,83,8849,2777
6/20/2020,777067,5379,93,0,66143,271,18,5368,1844
6/21/2020,780948,3881,79,0,66288,145,16,3871,1357
6/22/2020,791018,10070,228,0,67394,1106,98,10030,3565
6/23/2020,801534,10516,190,0,68687,1293,129,10497,3579
6/24/2020,812187,10653,211,0,70007,1320,100,10612,3389
6/25/2020,821748,9561,206,0,71210,1203,109,9522,3126
6/26/2020,831958,10210,200,0,72462,1252,106,10207,3025
6/27/2020,838007,6049,134,0,72705,243,19,6029,1808
6/28/2020,842651,4644,70,0,72926,221,19,4649,1602
6/29/2020,854838,12187,201,0,74056,1130,100,12176,3941
6/30/2020,867217,12379,220,0,75283,1227,111,12326,3788
7/1/2020,878109,10892,218,0,76382,1099,103,10879,3650
7/2/2020,888388,10279,223,0,77499,1117,120,10272,3645
7/3/2020,894437,6049,97,0,77928,429,61,6043,2300
7/4/2020,897404,2967,61,0,78045,117,9,2958,1319
7/5/2020,902210,4806,100,0,78166,121,23,4789,1859
7/6/2020,914762,12552,239,0,79089,923,94,12513,4471
7/7/2020,929665,14903,241,0,80162,1073,117,14864,4849
7/8/2020,944032,14367,215,0,81105,943,89,14341,5164
7/9/2020,956875,12843,253,0,82074,969,116,12794,4946
7/10/2020,970088,13213,230,0,83225,1151,143,13199,5061
7/11/2020,977636,7548,116,0,83513,288,34,7534,2681
7/12/2020,982801,5165,89,0,83697,184,32,5151,1891
7/13/2020,997648,14847,266,0,84753,1056,116,14790,5244
7/14/2020,1012801,15153,233,0,85737,984,91,15124,5775
7/15/2020,1028079,15278,300,0,86671,934,104,15249,5674
7/16/2020,1040722,12643,245,0,87601,930,108,12578,5006
7/17/2020,1053674,12952,224,0,88578,977,142,12903,5087
7/18/2020,1061824,8150,129,0,88863,285,62,8128,2831
7/19/2020,1067425,5601,72,0,88982,119,24,5596,2020
7/20/2020,1080304,12879,285,0,89894,912,76,12818,4612
7/21/2020,1094728,14424,263,0,90928,1034,113,14397,5239
7/22/2020,1108018,13290,258,0,91882,954,119,13247,5075
7/23/2020,1121857,13839,258,0,92771,889,149,13796,6226
7/24/2020,1134294,12437,259,0,93556,785,109,12400,4853
7/25/2020,1142457,8163,160,0,93688,132,6,8145,3225
7/26/2020,1147665,5208,102,0,93782,94,7,5178,2154
7/27/2020,1163672,16007,360,0,94747,965,147,15900,6026
7/28/2020,1181295,17623,320,0,95627,880,118,17528,7804
7/29/2020,1196733,15438,320,0,96503,876,126,15344,6573
7/30/2020,1212588,15855,444,0,97275,772,104,15673,6974
7/31/2020,1227601,15013,338,0,97963,688,103,14942,6457
8/1/2020,1235601,8000,146,0,98093,130,14,7971,3016
8/2/2020,1241375,5774,112,0,98223,130,44,5752,2356
8/3/2020,1259598,18223,326,0,98931,708,99,18131,7629
8/4/2020,1274050,14452,264,0,99727,796,119,14386,7360
8/5/2020,1289275,15225,278,0,100377,650,71,15164,7116
8/6/2020,1300581,11306,237,0,100990,613,47,11251,5614
8/7/2020,1309441,8860,144,0,101459,469,34,8814,4220
8/8/2020,1311338,1897,37,0,101485,26,2,1890,1168
8/9/2020,1311358,20,1,0,101485,0,0,19,17
