Date,Molecular Total,Molecular New,Molecular Positive New,Molecular Missing,Serology Total,Serology New,Serology Positive New,First Molecular Test per person,Repeat Molecular Tests
1/22/2020,1,1,0,,0,0,0,1,0
1/23/2020,2,1,0,,0,0,0,1,0
1/24/2020,2,0,0,,0,0,0,0,0
1/25/2020,2,0,0,,0,0,0,0,0
1/26/2020,2,0,0,,0,0,0,0,0
1/27/2020,3,1,0,,0,0,0,1,0
1/28/2020,3,0,0,,0,0,0,0,0
1/29/2020,4,1,1,,0,0,0,1,0
1/30/2020,4,0,0,,0,0,0,0,0
1/31/2020,4,0,0,,0,0,0,0,0
2/1/2020,4,0,0,,0,0,0,0,0
2/2/2020,4,0,0,,0,0,0,0,0
2/3/2020,7,3,0,,0,0,0,3,0
2/4/2020,9,2,0,,0,0,0,2,0
2/5/2020,9,0,0,,0,0,0,0,0
2/6/2020,10,1,1,,0,0,0,1,0
2/7/2020,10,0,0,,0,0,0,0,0
2/8/2020,11,1,0,,0,0,0,1,0
2/9/2020,11,0,0,,0,0,0,0,0
2/10/2020,11,0,0,,0,0,0,0,1
2/11/2020,11,0,0,,0,0,0,0,0
2/12/2020,11,0,0,,0,0,0,1,0
2/13/2020,11,0,0,,0,0,0,0,0
2/14/2020,11,0,0,,0,0,0,0,0
2/15/2020,11,0,0,,0,0,0,0,0
2/16/2020,11,0,0,,0,0,0,0,0
2/17/2020,11,0,0,,0,0,0,0,0
2/18/2020,11,0,0,,0,0,0,0,0
2/19/2020,11,0,0,,0,0,0,0,0
2/20/2020,11,0,0,,0,0,0,0,1
2/21/2020,11,0,0,,0,0,0,0,0
2/22/2020,11,0,0,,0,0,0,0,0
2/23/2020,11,0,0,,0,0,0,0,0
2/24/2020,11,0,0,,1,1,0,0,2
2/25/2020,11,0,0,,1,0,0,0,0
2/26/2020,11,0,0,,1,0,0,0,0
2/27/2020,11,0,0,,1,0,0,0,0
2/28/2020,12,1,0,,1,0,0,0,2
2/29/2020,13,1,0,,1,0,0,1,0
3/1/2020,15,2,1,,1,0,0,2,2
3/2/2020,18,3,0,,1,0,0,3,3
3/3/2020,32,14,1,,2,1,0,14,1
3/4/2020,51,19,2,,2,0,0,19,3
3/5/2020,83,32,8,,2,0,0,33,3
3/6/2020,121,38,14,,2,0,0,42,7
3/7/2020,205,84,44,,2,0,0,86,14
3/8/2020,259,54,19,,2,0,0,53,7
3/9/2020,331,72,5,,2,0,0,76,5
3/10/2020,435,104,14,,2,0,0,103,6
3/11/2020,608,173,22,,2,0,0,176,6
3/12/2020,1025,417,29,,2,0,0,425,7
3/13/2020,1962,937,61,,2,0,0,971,14
3/14/2020,2861,899,73,,2,0,0,920,15
3/15/2020,3888,1027,68,,2,0,0,1057,27
3/16/2020,6029,2141,150,,2,0,0,2217,18
3/17/2020,8706,2677,249,,2,0,0,2762,28
3/18/2020,11684,2978,259,,2,0,0,3069,157
3/19/2020,14582,2898,278,,2,0,0,2996,142
3/20/2020,18221,3639,388,,2,0,0,3751,124
3/21/2020,20750,2529,321,,2,0,0,2603,168
3/22/2020,22644,1894,286,,2,0,0,1943,159
3/23/2020,26426,3782,609,,2,0,0,3895,202
3/24/2020,30415,3989,718,,2,0,0,4114,207
3/25/2020,34513,4098,746,,2,0,0,4215,269
3/26/2020,38926,4413,936,,2,0,0,4538,299
3/27/2020,43286,4360,943,,2,0,0,4473,342
3/28/2020,46085,2799,654,,2,0,0,2870,332
3/29/2020,48153,2068,523,,2,0,0,2155,318
3/30/2020,53197,5044,1238,,2,0,0,5165,416
3/31/2020,58431,5234,1266,,2,0,0,5459,471
4/1/2020,63351,4920,1337,,2,0,0,5113,463
4/2/2020,68561,5210,1278,,5,3,1,5407,597
4/3/2020,74285,5724,1480,,5,0,0,5938,629
4/4/2020,78258,3973,1163,,9,4,1,4054,690
4/5/2020,81661,3403,976,,9,0,0,3563,539
4/6/2020,88282,6621,1932,,13,4,0,6808,783
4/7/2020,94816,6534,2022,,17,4,0,6660,967
4/8/2020,101584,6768,1864,,19,2,0,6977,983
4/9/2020,107992,6408,1978,,41,22,2,6750,1041
4/10/2020,115557,7565,2054,,42,1,1,7791,1061
4/11/2020,119907,4350,1297,,43,1,0,4498,808
4/12/2020,122922,3015,929,,46,3,2,3091,711
4/13/2020,129169,6247,2001,,54,8,0,6345,1135
4/14/2020,138888,9719,2871,,62,8,2,9848,1497
4/15/2020,148773,9885,2599,,72,10,2,10188,1465
4/16/2020,157652,8879,2388,,93,21,0,8978,1728
4/17/2020,168701,11049,3006,,173,80,5,11427,1778
4/18/2020,174704,6003,1481,,181,8,3,6336,1143
4/19/2020,179278,4574,1089,,191,10,1,4657,939
4/20/2020,190000,10722,2692,,255,64,6,11034,1930
4/21/2020,199416,9416,2190,,331,76,11,9688,2136
4/22/2020,211847,12431,2715,,478,147,17,12729,2669
4/23/2020,222602,10755,2408,,951,473,31,10869,2557
4/24/2020,234933,12331,2283,,1849,898,82,12381,2522
4/25/2020,243121,8188,1496,,2336,487,25,8420,1846
4/26/2020,247992,4871,847,,2791,455,36,4792,1416
4/27/2020,258933,10941,2130,,3933,1142,79,10847,2948
4/28/2020,271167,12234,2107,,5355,1422,83,12272,3003
4/29/2020,283740,12573,2190,,7060,1705,105,12573,2941
4/30/2020,297452,13712,2048,,8438,1378,116,13722,3152
5/1/2020,311512,14060,2084,,10215,1777,130,13993,3298
5/2/2020,318742,7230,1031,,10809,594,57,7311,1886
5/3/2020,323822,5080,735,,11213,404,42,5033,1428
5/4/2020,335873,12051,1881,,13233,2020,162,11912,3532
5/5/2020,348463,12590,1737,,15210,1977,157,12433,3582
5/6/2020,361724,13261,1700,,17189,1979,184,13068,3617
5/7/2020,375171,13447,1683,,19256,2067,173,13421,3672
5/8/2020,388425,13254,1460,,21140,1884,136,13211,3732
5/9/2020,394239,5814,684,,21768,628,38,5709,1979
5/10/2020,397393,3154,386,,22122,354,77,3077,1481
5/11/2020,409184,11791,1311,,23965,1843,162,11610,4029
5/12/2020,422446,13262,1456,,25838,1873,148,13063,4295
5/13/2020,436395,13949,1320,,27583,1745,178,13768,4152
5/14/2020,449770,13375,1316,,29214,1631,165,13181,4198
5/15/2020,463526,13756,1107,,30830,1616,141,13568,4200
5/16/2020,470624,7098,650,,31365,535,51,6979,2350
5/17/2020,474910,4286,365,115,31723,358,54,4228,1623
5/18/2020,488282,13372,1326,1,33350,1627,137,13158,4432
5/19/2020,500629,12347,1080,0,35054,1704,164,12204,4492
5/20/2020,513479,12850,1022,0,36915,1861,149,12631,4299
5/21/2020,525209,11730,969,0,38621,1706,193,11546,4399
5/22/2020,536226,11017,866,0,40265,1644,158,10845,3946
5/23/2020,541188,4962,390,0,40686,421,41,4896,1815
5/24/2020,545267,4079,301,0,41000,314,41,4011,1533
5/25/2020,548365,3098,198,0,41330,330,49,3067,1491
5/26/2020,559591,11226,867,0,42849,1519,130,11077,4359
5/27/2020,569783,10192,694,0,44287,1438,153,10070,3873
5/28/2020,579181,9398,646,0,45581,1294,178,9271,3585
5/29/2020,589264,10083,533,0,46905,1324,138,9963,3513
5/30/2020,595054,5790,270,0,47169,264,35,5742,1813
5/31/2020,598757,3703,162,0,47358,189,38,3661,1401
6/1/2020,608258,9501,508,0,48509,1151,165,9391,3501
6/2/2020,617716,9458,447,0,49611,1102,88,9364,3710
6/3/2020,627272,9556,462,0,50774,1163,124,9415,3696
6/4/2020,635866,8594,383,0,51845,1071,91,8499,3525
6/5/2020,644379,8513,339,0,53053,1208,150,8438,3086
6/6/2020,648954,4575,149,0,53341,288,33,4561,1704
6/7/2020,652503,3549,151,0,53514,173,24,3509,1466
6/8/2020,663199,10696,355,0,54526,1012,102,10646,3299
6/9/2020,674211,11012,344,0,55696,1170,109,10915,3440
6/10/2020,684484,10273,257,0,56896,1200,137,10231,3206
6/11/2020,694787,10303,229,0,58128,1232,106,10255,2827
6/12/2020,704855,10068,256,0,59369,1241,85,10010,3001
6/13/2020,709649,4794,98,0,59599,230,22,4776,1659
6/14/2020,713361,3712,77,0,59775,176,25,3690,1350
6/15/2020,724110,10749,235,0,60953,1178,114,10701,3431
6/16/2020,734540,10430,200,0,62160,1207,88,10385,3318
6/17/2020,749027,14487,248,0,63386,1226,115,14460,3435
6/18/2020,763222,14195,241,0,64756,1370,90,14153,3187
6/19/2020,772108,8886,176,0,65882,1126,83,8852,2774
6/20/2020,777490,5382,93,0,66153,271,18,5371,1841
6/21/2020,781372,3882,79,0,66298,145,16,3872,1356
6/22/2020,791456,10084,228,0,67404,1106,98,10043,3554
6/23/2020,801995,10539,190,0,68697,1293,129,10519,3557
6/24/2020,812658,10663,211,0,70017,1320,100,10620,3381
6/25/2020,822227,9569,206,0,71220,1203,109,9529,3119
6/26/2020,832440,10213,200,0,72472,1252,106,10210,3022
6/27/2020,838491,6051,134,0,72715,243,19,6031,1806
6/28/2020,843138,4647,70,0,72936,221,19,4651,1600
6/29/2020,855339,12201,201,0,74066,1130,100,12190,3927
6/30/2020,867721,12382,220,0,75294,1228,111,12329,3785
7/1/2020,878621,10900,218,0,76393,1099,103,10883,3646
7/2/2020,888905,10284,223,0,77510,1117,120,10277,3640
7/3/2020,894955,6050,97,0,77939,429,61,6043,2299
7/4/2020,897924,2969,61,0,78056,117,9,2959,1318
7/5/2020,902730,4806,100,0,78177,121,23,4789,1858
7/6/2020,915296,12566,239,0,79100,923,94,12526,4456
7/7/2020,930213,14917,241,0,80167,1067,117,14877,4838
7/8/2020,944589,14376,215,0,81110,943,89,14350,5155
7/9/2020,957441,12852,253,0,82079,969,116,12801,4940
7/10/2020,970653,13212,230,0,83230,1151,143,13197,5059
7/11/2020,978151,7498,116,0,83518,288,34,7483,2679
7/12/2020,983242,5091,90,0,83702,184,32,5077,1889
7/13/2020,998012,14770,266,0,84758,1056,116,14712,5234
7/14/2020,1013100,15088,232,0,85742,984,91,15058,5764
7/15/2020,1028254,15154,300,0,86676,934,104,15125,5662
7/16/2020,1040737,12483,244,0,87606,930,108,12415,5002
7/17/2020,1053558,12821,224,0,88583,977,142,12772,5078
7/18/2020,1061606,8048,129,0,88868,285,62,8025,2830
7/19/2020,1067063,5457,72,0,88987,119,24,5452,2020
7/20/2020,1079814,12751,284,0,89899,912,76,12688,4608
7/21/2020,1094089,14275,259,0,90934,1035,114,14244,5228
7/22/2020,1107217,13128,257,0,91888,954,119,13084,5071
7/23/2020,1120927,13710,258,0,92777,889,149,13665,6217
7/24/2020,1133220,12293,259,0,93562,785,109,12249,4847
7/25/2020,1141138,7918,160,0,93694,132,6,7896,3224
7/26/2020,1146158,5020,102,0,93788,94,7,4990,2152
7/27/2020,1162140,15982,359,0,94753,965,147,15873,6006
7/28/2020,1179597,17457,317,0,95634,881,119,17360,7786
7/29/2020,1195013,15416,318,0,96508,874,126,15318,6559
7/30/2020,1210597,15584,443,0,97279,771,104,15404,6910
7/31/2020,1225208,14611,331,0,97965,686,103,14541,6389
8/1/2020,1232869,7661,143,0,98094,129,14,7634,2981
8/2/2020,1238227,5358,106,0,98223,129,44,5337,2335
8/3/2020,1254287,16060,284,0,98927,704,100,15982,7321
8/4/2020,1266758,12471,203,0,99654,727,55,12435,6737
8/5/2020,1275483,8725,159,0,100170,516,50,8690,4975
8/6/2020,1277604,2121,65,0,100383,213,19,2105,1393
8/7/2020,1277617,13,1,0,100383,0,0,13,15
