Date,Molecular Total,Molecular New,Molecular Positive New,Molecular Missing,Serology Total,Serology New,Serology Positive New,First Molecular Test per person,Repeat Molecular Tests
1/22/2020,1,1,0,,0,0,0,1,0
1/23/2020,2,1,0,,0,0,0,1,0
1/24/2020,2,0,0,,0,0,0,0,0
1/25/2020,2,0,0,,0,0,0,0,0
1/26/2020,2,0,0,,0,0,0,0,0
1/27/2020,3,1,0,,0,0,0,1,0
1/28/2020,3,0,0,,0,0,0,0,0
1/29/2020,4,1,1,,0,0,0,1,0
1/30/2020,4,0,0,,0,0,0,0,0
1/31/2020,4,0,0,,0,0,0,0,0
2/1/2020,4,0,0,,0,0,0,0,0
2/2/2020,4,0,0,,0,0,0,0,0
2/3/2020,7,3,0,,0,0,0,3,0
2/4/2020,9,2,0,,0,0,0,2,0
2/5/2020,9,0,0,,0,0,0,0,0
2/6/2020,10,1,1,,0,0,0,1,0
2/7/2020,10,0,0,,0,0,0,0,0
2/8/2020,11,1,0,,0,0,0,1,0
2/9/2020,11,0,0,,0,0,0,0,0
2/10/2020,11,0,0,,0,0,0,0,1
2/11/2020,11,0,0,,0,0,0,0,0
2/12/2020,11,0,0,,0,0,0,1,0
2/13/2020,11,0,0,,0,0,0,0,0
2/14/2020,11,0,0,,0,0,0,0,0
2/15/2020,11,0,0,,0,0,0,0,0
2/16/2020,11,0,0,,0,0,0,0,0
2/17/2020,11,0,0,,0,0,0,0,0
2/18/2020,11,0,0,,0,0,0,0,0
2/19/2020,11,0,0,,0,0,0,0,0
2/20/2020,11,0,0,,0,0,0,0,1
2/21/2020,11,0,0,,0,0,0,0,0
2/22/2020,11,0,0,,0,0,0,0,0
2/23/2020,11,0,0,,0,0,0,0,0
2/24/2020,11,0,0,,1,1,0,0,2
2/25/2020,11,0,0,,1,0,0,0,0
2/26/2020,11,0,0,,1,0,0,0,0
2/27/2020,11,0,0,,1,0,0,0,0
2/28/2020,12,1,0,,1,0,0,0,2
2/29/2020,13,1,0,,1,0,0,1,0
3/1/2020,15,2,1,,1,0,0,2,2
3/2/2020,18,3,0,,1,0,0,3,3
3/3/2020,32,14,1,,2,1,0,14,1
3/4/2020,51,19,2,,2,0,0,19,3
3/5/2020,83,32,8,,2,0,0,33,3
3/6/2020,121,38,14,,2,0,0,42,7
3/7/2020,205,84,44,,2,0,0,86,14
3/8/2020,259,54,19,,2,0,0,53,7
3/9/2020,331,72,5,,2,0,0,76,5
3/10/2020,435,104,14,,2,0,0,103,6
3/11/2020,608,173,22,,2,0,0,176,6
3/12/2020,1026,418,29,,2,0,0,426,7
3/13/2020,1964,938,61,,2,0,0,971,14
3/14/2020,2863,899,73,,2,0,0,920,15
3/15/2020,3892,1029,68,,2,0,0,1057,27
3/16/2020,6036,2144,150,,2,0,0,2217,18
3/17/2020,8715,2679,249,,2,0,0,2762,28
3/18/2020,11694,2979,259,,2,0,0,3069,157
3/19/2020,14595,2901,278,,2,0,0,2996,142
3/20/2020,18237,3642,388,,2,0,0,3752,124
3/21/2020,20769,2532,321,,2,0,0,2603,168
3/22/2020,22664,1895,286,,2,0,0,1944,158
3/23/2020,26448,3784,609,,2,0,0,3895,202
3/24/2020,30439,3991,718,,2,0,0,4114,207
3/25/2020,34539,4100,746,,2,0,0,4215,269
3/26/2020,38955,4416,936,,2,0,0,4538,299
3/27/2020,43318,4363,943,,2,0,0,4473,342
3/28/2020,46118,2800,655,,2,0,0,2871,332
3/29/2020,48186,2068,523,,2,0,0,2155,318
3/30/2020,53235,5049,1238,,2,0,0,5167,416
3/31/2020,58470,5235,1265,,2,0,0,5458,472
4/1/2020,63391,4921,1337,,2,0,0,5113,463
4/2/2020,68605,5214,1278,,5,3,1,5408,597
4/3/2020,74339,5734,1480,,5,0,0,5948,629
4/4/2020,78323,3984,1163,,9,4,1,4060,690
4/5/2020,81740,3417,977,,9,0,0,3574,539
4/6/2020,88397,6657,1932,,13,4,0,6835,779
4/7/2020,94951,6554,2022,,17,4,0,6671,963
4/8/2020,101748,6797,1863,,19,2,0,6998,969
4/9/2020,108177,6429,1978,,41,22,2,6762,1034
4/10/2020,115755,7578,2054,,42,1,1,7797,1055
4/11/2020,120113,4358,1297,,43,1,0,4501,805
4/12/2020,123136,3023,929,,46,3,2,3095,707
4/13/2020,129399,6263,2002,,54,8,0,6358,1126
4/14/2020,139138,9739,2871,,62,8,2,9861,1483
4/15/2020,149050,9912,2599,,72,10,2,10204,1454
4/16/2020,157958,8908,2389,,93,21,0,8994,1712
4/17/2020,169043,11085,3007,,173,80,5,11454,1756
4/18/2020,175078,6035,1481,,181,8,3,6363,1119
4/19/2020,179663,4585,1090,,191,10,1,4665,931
4/20/2020,190432,10769,2695,,255,64,6,11070,1902
4/21/2020,199884,9452,2194,,331,76,11,9713,2112
4/22/2020,212353,12469,2716,,478,147,17,12757,2642
4/23/2020,223135,10782,2407,,952,474,31,10885,2540
4/24/2020,235494,12359,2283,,1850,898,82,12400,2504
4/25/2020,243728,8234,1496,,2337,487,25,8437,1829
4/26/2020,248613,4885,847,,2792,455,36,4800,1407
4/27/2020,259580,10967,2130,,3935,1143,79,10867,2928
4/28/2020,271839,12259,2107,,5358,1423,83,12287,2990
4/29/2020,284466,12627,2190,,7067,1709,105,12597,2921
4/30/2020,298209,13743,2048,,8445,1378,116,13748,3132
5/1/2020,312300,14091,2084,,10222,1777,130,14013,3280
5/2/2020,319559,7259,1031,,10816,594,57,7332,1865
5/3/2020,324651,5092,735,,11220,404,42,5043,1419
5/4/2020,336732,12081,1881,,13240,2020,162,11934,3511
5/5/2020,349364,12632,1738,,15217,1977,157,12458,3558
5/6/2020,362658,13294,1700,,17197,1980,184,13083,3602
5/7/2020,376129,13471,1683,,19265,2068,173,13441,3652
5/8/2020,389432,13303,1460,,21151,1886,136,13250,3693
5/9/2020,395258,5826,684,,21780,629,38,5716,1972
5/10/2020,398418,3160,386,,22134,354,77,3083,1475
5/11/2020,410251,11833,1311,,23977,1843,162,11634,4008
5/12/2020,423561,13310,1456,,25850,1873,148,13093,4266
5/13/2020,437542,13981,1321,,27596,1746,178,13789,4133
5/14/2020,450964,13422,1316,,29227,1631,165,13209,4174
5/15/2020,464757,13793,1108,,30843,1616,141,13593,4176
5/16/2020,471868,7111,650,,31379,536,51,6986,2342
5/17/2020,476159,4291,363,115,31738,359,54,4230,1620
5/18/2020,489529,13370,1317,1,33366,1628,137,13144,4391
5/19/2020,501919,12390,1080,0,35071,1705,164,12233,4463
5/20/2020,514796,12877,1022,0,36929,1858,149,12647,4287
5/21/2020,526595,11799,978,0,38629,1700,193,11605,4402
5/22/2020,537629,11034,866,0,40267,1638,158,10854,3932
5/23/2020,542594,4965,390,0,40685,418,41,4895,1814
5/24/2020,546677,4083,301,0,40997,312,41,4012,1529
5/25/2020,549783,3106,198,0,41325,328,49,3071,1485
5/26/2020,561024,11241,867,0,42838,1513,130,11084,4354
5/27/2020,571228,10204,694,0,44273,1435,152,10075,3868
5/28/2020,580650,9422,646,0,45561,1288,176,9287,3579
5/29/2020,590745,10095,533,0,46879,1318,138,9973,3504
5/30/2020,596539,5794,270,0,47138,259,34,5747,1806
5/31/2020,600246,3707,162,0,47323,185,38,3662,1400
6/1/2020,609759,9513,508,0,48461,1138,164,9397,3494
6/2/2020,619232,9473,447,0,49558,1097,88,9372,3703
6/3/2020,628795,9563,462,0,50721,1163,129,9421,3690
6/4/2020,637405,8610,383,0,51781,1060,90,8511,3515
6/5/2020,645925,8520,339,0,52983,1202,149,8443,3081
6/6/2020,650505,4580,149,0,53270,287,33,4564,1700
6/7/2020,654063,3558,151,0,53443,173,24,3514,1461
6/8/2020,664770,10707,355,0,54448,1005,100,10653,3289
6/9/2020,675807,11037,345,0,55612,1164,109,10935,3419
6/10/2020,686116,10309,257,0,56803,1191,136,10263,3198
6/11/2020,696467,10351,229,0,58030,1227,105,10299,2800
6/12/2020,706588,10121,257,0,59264,1234,85,10060,3000
6/13/2020,711428,4840,98,0,59490,226,21,4820,1670
6/14/2020,715184,3756,77,0,59663,173,25,3734,1355
6/15/2020,726034,10850,235,0,60831,1168,114,10795,3427
6/16/2020,736534,10500,200,0,62024,1193,86,10453,3327
6/17/2020,751068,14534,248,0,63245,1221,115,14501,3433
6/18/2020,765305,14237,242,0,64607,1362,90,14189,3182
6/19/2020,774248,8943,176,0,65731,1124,84,8903,2784
6/20/2020,779721,5473,93,0,65995,264,16,5461,1852
6/21/2020,783607,3886,79,0,66136,141,16,3875,1352
6/22/2020,793790,10183,229,0,67238,1102,97,10138,3562
6/23/2020,804428,10638,189,0,68524,1286,129,10611,3556
6/24/2020,815166,10738,211,0,69836,1312,99,10692,3388
6/25/2020,824756,9590,206,0,71032,1196,108,9547,3117
6/26/2020,835005,10249,200,0,72274,1242,104,10240,3027
6/27/2020,841126,6121,134,0,72514,240,18,6096,1828
6/28/2020,845834,4708,69,0,72732,218,19,4708,1615
6/29/2020,858126,12292,201,0,73856,1124,100,12270,3927
6/30/2020,870566,12440,217,0,75075,1219,111,12384,3788
7/1/2020,881504,10938,219,0,76167,1092,102,10913,3642
7/2/2020,891817,10313,224,0,77270,1103,119,10297,3633
7/3/2020,897914,6097,98,0,77697,427,61,6086,2301
7/4/2020,900886,2972,62,0,77812,115,9,2962,1316
7/5/2020,905767,4881,101,0,77930,118,23,4864,1870
7/6/2020,918421,12654,241,0,78837,907,94,12608,4464
7/7/2020,933357,14936,241,0,79892,1055,115,14886,4826
7/8/2020,947748,14391,215,0,80827,935,87,14356,5140
7/9/2020,960581,12833,250,0,81782,955,115,12772,4903
7/10/2020,973654,13073,226,0,82913,1131,141,13044,5038
7/11/2020,981115,7461,116,0,83195,282,34,7438,2677
7/12/2020,986204,5089,89,0,83375,180,32,5073,1878
7/13/2020,1000917,14713,261,0,84413,1038,114,14656,5196
7/14/2020,1015942,15025,226,0,85381,968,89,14982,5749
7/15/2020,1030961,15019,291,0,86292,911,103,14981,5579
7/16/2020,1042986,12025,221,0,87200,908,106,11949,4805
7/17/2020,1054121,11135,187,0,88157,957,140,11086,4614
7/18/2020,1061573,7452,118,0,88433,276,61,7423,2705
7/19/2020,1066801,5228,63,0,88547,114,23,5216,1978
7/20/2020,1078126,11325,232,0,89437,890,71,11261,4253
7/21/2020,1089429,11303,183,0,90371,934,109,11269,4413
7/22/2020,1099863,10434,203,0,91271,900,108,10389,4212
7/23/2020,1109756,9893,181,0,91998,727,65,9843,5117
7/24/2020,1117779,8023,177,0,92563,565,47,7989,3571
7/25/2020,1121979,4200,100,0,92657,94,2,4177,2265
7/26/2020,1123769,1790,28,0,92664,7,3,1779,1037
7/27/2020,1123793,24,3,0,92664,0,0,23,14
