Date,Molecular Total,Molecular New,Molecular Positive New,Molecular Missing,Serology Total,Serology New,Serology Positive New,First Molecular Test per person,Repeat Molecular Tests
1/22/2020,1,1,0,,0,0,0,1,0
1/23/2020,2,1,0,,0,0,0,1,0
1/24/2020,2,0,0,,1,1,0,0,0
1/25/2020,2,0,0,,1,0,0,0,0
1/26/2020,2,0,0,,1,0,0,0,0
1/27/2020,3,1,0,,1,0,0,1,0
1/28/2020,3,0,0,,1,0,0,0,0
1/29/2020,4,1,1,,1,0,0,1,0
1/30/2020,4,0,0,,1,0,0,0,0
1/31/2020,4,0,0,,1,0,0,0,0
2/1/2020,4,0,0,,1,0,0,0,0
2/2/2020,4,0,0,,1,0,0,0,0
2/3/2020,7,3,0,,1,0,0,3,0
2/4/2020,9,2,0,,1,0,0,2,0
2/5/2020,9,0,0,,1,0,0,0,0
2/6/2020,10,1,1,,1,0,0,1,0
2/7/2020,10,0,0,,1,0,0,0,0
2/8/2020,11,1,0,,1,0,0,1,0
2/9/2020,11,0,0,,1,0,0,0,0
2/10/2020,11,0,0,,1,0,0,0,1
2/11/2020,11,0,0,,1,0,0,0,0
2/12/2020,11,0,0,,1,0,0,1,0
2/13/2020,11,0,0,,1,0,0,0,0
2/14/2020,11,0,0,,1,0,0,0,0
2/15/2020,11,0,0,,1,0,0,0,0
2/16/2020,11,0,0,,1,0,0,0,0
2/17/2020,11,0,0,,1,0,0,0,0
2/18/2020,11,0,0,,1,0,0,0,0
2/19/2020,11,0,0,,1,0,0,0,0
2/20/2020,11,0,0,,1,0,0,0,1
2/21/2020,11,0,0,,1,0,0,0,0
2/22/2020,11,0,0,,1,0,0,0,0
2/23/2020,11,0,0,,1,0,0,0,0
2/24/2020,11,0,0,,1,0,0,0,2
2/25/2020,11,0,0,,1,0,0,0,0
2/26/2020,11,0,0,,1,0,0,0,0
2/27/2020,11,0,0,,1,0,0,0,0
2/28/2020,12,1,0,,1,0,0,0,2
2/29/2020,13,1,0,,1,0,0,1,0
3/1/2020,15,2,1,,1,0,0,2,2
3/2/2020,18,3,0,,1,0,0,3,3
3/3/2020,32,14,1,,2,1,0,14,1
3/4/2020,51,19,2,,2,0,0,19,3
3/5/2020,83,32,8,,2,0,0,33,3
3/6/2020,122,39,14,,2,0,0,43,7
3/7/2020,206,84,44,,2,0,0,86,14
3/8/2020,260,54,19,,2,0,0,53,7
3/9/2020,333,73,5,,2,0,0,76,5
3/10/2020,438,105,14,,2,0,0,104,6
3/11/2020,612,174,22,,2,0,0,176,6
3/12/2020,1030,418,29,,2,0,0,426,7
3/13/2020,1970,940,61,,2,0,0,973,14
3/14/2020,2870,900,73,,2,0,0,920,15
3/15/2020,3900,1030,68,,2,0,0,1058,26
3/16/2020,6045,2145,150,,2,0,0,2218,18
3/17/2020,8729,2684,249,,2,0,0,2763,28
3/18/2020,11718,2989,259,,2,0,0,3075,156
3/19/2020,14624,2906,278,,2,0,0,3000,142
3/20/2020,18276,3652,388,,2,0,0,3753,123
3/21/2020,20810,2534,321,,2,0,0,2603,168
3/22/2020,22707,1897,286,,2,0,0,1944,158
3/23/2020,26497,3790,609,,2,0,0,3895,202
3/24/2020,30498,4001,719,,2,0,0,4116,207
3/25/2020,34603,4105,746,,2,0,0,4217,269
3/26/2020,39028,4425,936,,2,0,0,4540,299
3/27/2020,43404,4376,943,,2,0,0,4474,342
3/28/2020,46208,2804,655,,2,0,0,2871,331
3/29/2020,48279,2071,523,,2,0,0,2155,318
3/30/2020,53341,5062,1238,,2,0,0,5174,416
3/31/2020,58582,5241,1265,,2,0,0,5461,471
4/1/2020,63515,4933,1338,,2,0,0,5115,462
4/2/2020,68739,5224,1280,,5,3,1,5413,597
4/3/2020,74498,5759,1481,,5,0,0,5961,626
4/4/2020,78490,3992,1163,,9,4,1,4064,689
4/5/2020,81915,3425,976,,9,0,0,3575,538
4/6/2020,88590,6675,1932,,13,4,0,6843,775
4/7/2020,95174,6584,2024,,17,4,0,6689,951
4/8/2020,101987,6813,1867,,19,2,0,7011,961
4/9/2020,108439,6452,1982,,41,22,2,6779,1023
4/10/2020,116051,7612,2055,,41,0,0,7820,1033
4/11/2020,120435,4384,1297,,42,1,0,4515,794
4/12/2020,123526,3091,930,,45,3,2,3155,698
4/13/2020,129870,6344,2004,,53,8,0,6438,1100
4/14/2020,139647,9777,2875,,62,9,2,9886,1465
4/15/2020,149609,9962,2601,,72,10,2,10230,1442
4/16/2020,158546,8937,2389,,93,21,0,9004,1697
4/17/2020,169676,11130,3010,,173,80,5,11470,1743
4/18/2020,175739,6063,1483,,181,8,3,6375,1107
4/19/2020,180347,4608,1091,,191,10,1,4675,921
4/20/2020,191175,10828,2699,,255,64,6,11096,1879
4/21/2020,200671,9496,2199,,331,76,11,9725,2101
4/22/2020,213200,12529,2718,,479,148,17,12790,2607
4/23/2020,224038,10838,2417,,954,475,31,10909,2517
4/24/2020,236402,12364,2282,,1855,901,82,12378,2484
4/25/2020,244680,8278,1498,,2342,487,25,8443,1820
4/26/2020,249579,4899,848,,2797,455,36,4811,1397
4/27/2020,260592,11013,2127,,3941,1144,79,10888,2902
4/28/2020,272900,12308,2108,,5366,1425,83,12303,2974
4/29/2020,285570,12670,2187,,7075,1709,105,12615,2900
4/30/2020,299368,13798,2049,,8453,1378,116,13783,3096
5/1/2020,313540,14172,2086,,10229,1776,129,14073,3227
5/2/2020,320840,7300,1037,,10824,595,57,7359,1841
5/3/2020,325955,5115,735,,11228,404,42,5060,1403
5/4/2020,338122,12167,1888,,13213,1985,161,12002,3444
5/5/2020,350827,12705,1741,,15156,1943,157,12518,3502
5/6/2020,364208,13381,1710,,17088,1932,184,13138,3549
5/7/2020,377751,13543,1693,,19137,2049,173,13502,3589
5/8/2020,391127,13376,1462,,20995,1858,136,13281,3651
5/9/2020,396971,5844,684,,21617,622,37,5729,1956
5/10/2020,400146,3175,386,,21969,352,77,3099,1460
5/11/2020,412046,11900,1317,,23784,1815,162,11682,3965
5/12/2020,425425,13379,1461,,25637,1853,148,13152,4207
5/13/2020,439498,14073,1328,,27349,1712,178,13886,4042
5/14/2020,453020,13522,1323,,28955,1606,165,13291,4099
5/15/2020,466858,13838,1112,,30551,1596,142,13636,4133
5/16/2020,474008,7150,654,,31081,530,51,7023,2305
5/17/2020,478334,4326,371,115,31437,356,54,4265,1587
5/18/2020,491797,13463,1324,1,33026,1589,137,13230,4311
5/19/2020,504268,12471,1090,0,34703,1677,164,12311,4384
5/20/2020,517186,12918,1030,0,36528,1825,149,12690,4231
5/21/2020,529103,11917,992,0,38159,1631,191,11722,4288
5/22/2020,540202,11099,875,0,39759,1600,158,10916,3872
5/23/2020,545192,4990,393,0,40172,413,41,4916,1796
5/24/2020,549292,4100,303,0,40480,308,41,4026,1516
5/25/2020,552414,3122,200,0,40806,326,49,3081,1477
5/26/2020,563714,11300,886,0,42284,1478,129,11134,4307
5/27/2020,573971,10257,711,0,43703,1419,153,10116,3829
5/28/2020,583423,9452,654,0,44966,1263,176,9312,3538
5/29/2020,593567,10144,534,0,46254,1288,138,10018,3445
5/30/2020,599376,5809,275,0,46512,258,34,5764,1787
5/31/2020,603100,3724,164,0,46695,183,38,3680,1386
6/1/2020,612645,9545,515,0,47810,1115,164,9422,3462
6/2/2020,622143,9498,448,0,48876,1066,88,9397,3677
6/3/2020,631763,9620,471,0,49985,1109,126,9486,3629
6/4/2020,640428,8665,394,0,51005,1020,90,8574,3450
6/5/2020,648986,8558,343,0,52187,1182,149,8470,3055
6/6/2020,653573,4587,148,0,52464,277,32,4569,1690
6/7/2020,657122,3549,151,0,52635,171,24,3502,1449
6/8/2020,667877,10755,361,0,53608,973,100,10693,3240
6/9/2020,678898,11021,350,0,54740,1132,109,10918,3330
6/10/2020,689230,10332,254,0,55900,1160,136,10272,3143
6/11/2020,699607,10377,231,0,57088,1188,105,10316,2754
6/12/2020,709720,10113,254,0,58277,1189,81,10044,2947
6/13/2020,714565,4845,98,0,58495,218,21,4823,1658
6/14/2020,718329,3764,77,0,58667,172,25,3738,1346
6/15/2020,728689,10360,245,0,59784,1117,99,10295,3378
6/16/2020,738883,10194,203,0,60946,1162,83,10140,3276
6/17/2020,753323,14440,253,0,62119,1173,100,14382,3389
6/18/2020,767519,14196,245,0,63431,1312,82,14119,3126
6/19/2020,776395,8876,181,0,64500,1069,74,8826,2727
6/20/2020,781562,5167,83,0,64762,262,16,5154,1781
6/21/2020,785355,3793,76,0,64902,140,16,3775,1331
6/22/2020,795384,10029,232,0,65948,1046,82,9974,3459
6/23/2020,805451,10067,171,0,67144,1196,115,10028,3345
6/24/2020,814118,8667,163,0,68397,1253,88,8619,2834
6/25/2020,819041,4923,123,0,69370,973,73,4887,1897
6/26/2020,821249,2208,49,0,69825,455,30,2198,969
6/27/2020,821275,26,0,0,69826,1,0,26,15
