Date,Positive Total,Positive New,Probable Total,Probable New
1/29/2020,1,1,0,0
1/30/2020,1,0,0,0
1/31/2020,1,0,0,0
2/1/2020,1,0,0,0
2/2/2020,1,0,0,0
2/3/2020,1,0,0,0
2/4/2020,1,0,0,0
2/5/2020,1,0,0,0
2/6/2020,2,1,0,0
2/7/2020,2,0,0,0
2/8/2020,2,0,0,0
2/9/2020,2,0,0,0
2/10/2020,2,0,0,0
2/11/2020,2,0,0,0
2/12/2020,2,0,0,0
2/13/2020,2,0,0,0
2/14/2020,2,0,0,0
2/15/2020,2,0,0,0
2/16/2020,2,0,0,0
2/17/2020,2,0,0,0
2/18/2020,2,0,0,0
2/19/2020,2,0,0,0
2/20/2020,2,0,0,0
2/21/2020,2,0,0,0
2/22/2020,2,0,0,0
2/23/2020,2,0,0,0
2/24/2020,2,0,0,0
2/25/2020,2,0,0,0
2/26/2020,2,0,0,0
2/27/2020,2,0,0,0
2/28/2020,2,0,0,0
2/29/2020,2,0,0,0
3/1/2020,3,1,3,3
3/2/2020,3,0,5,2
3/3/2020,4,1,8,3
3/4/2020,6,2,9,1
3/5/2020,14,8,12,3
3/6/2020,28,14,12,0
3/7/2020,72,44,15,3
3/8/2020,91,19,20,5
3/9/2020,96,5,24,4
3/10/2020,110,14,30,6
3/11/2020,132,22,35,5
3/12/2020,161,29,39,4
3/13/2020,222,61,44,5
3/14/2020,295,73,48,4
3/15/2020,363,68,54,6
3/16/2020,513,150,57,3
3/17/2020,762,249,65,8
3/18/2020,1021,259,72,7
3/19/2020,1299,278,78,6
3/20/2020,1687,388,89,11
3/21/2020,2008,321,98,9
3/22/2020,2294,286,102,4
3/23/2020,2903,609,113,11
3/24/2020,3621,718,124,11
3/25/2020,4367,746,135,11
3/26/2020,5303,936,140,5
3/27/2020,6246,943,147,7
3/28/2020,6900,654,155,8
3/29/2020,7423,523,160,5
3/30/2020,8661,1238,162,2
3/31/2020,9927,1266,167,5
4/1/2020,11264,1337,172,5
4/2/2020,12542,1278,178,6
4/3/2020,14022,1480,186,8
4/4/2020,15185,1163,192,6
4/5/2020,16162,977,200,8
4/6/2020,18094,1932,206,6
4/7/2020,20116,2022,215,9
4/8/2020,21979,1863,224,9
4/9/2020,23957,1978,235,11
4/10/2020,26011,2054,243,8
4/11/2020,27308,1297,250,7
4/12/2020,28237,929,263,13
4/13/2020,30239,2002,269,6
4/14/2020,33110,2871,274,5
4/15/2020,35709,2599,288,14
4/16/2020,38098,2389,296,8
4/17/2020,41104,3006,314,18
4/18/2020,42585,1481,321,7
4/19/2020,43675,1090,325,4
4/20/2020,46369,2694,338,13
4/21/2020,48563,2194,356,18
4/22/2020,51279,2716,386,30
4/23/2020,53686,2407,413,27
4/24/2020,55969,2283,478,65
4/25/2020,57465,1496,501,23
4/26/2020,58312,847,531,30
4/27/2020,60442,2130,602,71
4/28/2020,62549,2107,665,63
4/29/2020,64739,2190,748,83
4/30/2020,66787,2048,849,101
5/1/2020,68871,2084,944,95
5/2/2020,69902,1031,1002,58
5/3/2020,70637,735,1035,33
5/4/2020,72518,1881,1171,136
5/5/2020,74256,1738,1299,128
5/6/2020,75956,1700,1440,141
5/7/2020,77639,1683,1561,121
5/8/2020,79099,1460,1655,94
5/9/2020,79783,684,1688,33
5/10/2020,80169,386,1750,62
5/11/2020,81480,1311,1861,111
5/12/2020,82936,1456,1980,119
5/13/2020,84257,1321,2111,131
5/14/2020,85573,1316,2238,127
5/15/2020,86681,1108,2333,95
5/16/2020,87331,650,2371,38
5/17/2020,87694,363,2418,47
5/18/2020,89011,1317,2519,101
5/19/2020,90091,1080,2640,121
5/20/2020,91113,1022,2746,106
5/21/2020,92091,978,2886,140
5/22/2020,92957,866,2995,109
5/23/2020,93347,390,3032,37
5/24/2020,93648,301,3071,39
5/25/2020,93846,198,3129,58
5/26/2020,94713,867,3229,100
5/27/2020,95407,694,3336,107
5/28/2020,96053,646,3454,118
5/29/2020,96586,533,3547,93
5/30/2020,96856,270,3583,36
5/31/2020,97018,162,3617,34
6/1/2020,97526,508,3682,65
6/2/2020,97973,447,3733,51
6/3/2020,98435,462,3810,77
6/4/2020,98818,383,3862,52
6/5/2020,99157,339,3955,93
6/6/2020,99306,149,3987,32
6/7/2020,99457,151,4007,20
6/8/2020,99812,355,4078,71
6/9/2020,100157,345,4158,80
6/10/2020,100414,257,4261,103
6/11/2020,100643,229,4337,76
6/12/2020,100900,257,4389,52
6/13/2020,100998,98,4408,19
6/14/2020,101075,77,4435,27
6/15/2020,101310,235,4511,76
6/16/2020,101510,200,4571,60
6/17/2020,101758,248,4659,88
6/18/2020,102000,242,4729,70
6/19/2020,102176,176,4787,58
6/20/2020,102269,93,4806,19
6/21/2020,102348,79,4821,15
6/22/2020,102576,228,4889,68
6/23/2020,102766,190,4976,87
6/24/2020,102977,211,5044,68
6/25/2020,103183,206,5123,79
6/26/2020,103384,201,5200,77
6/27/2020,103518,134,5220,20
6/28/2020,103588,70,5240,20
6/29/2020,103789,201,5309,69
6/30/2020,104009,220,5406,97
7/1/2020,104227,218,5516,110
7/2/2020,104451,224,5618,102
7/3/2020,104549,98,5676,58
7/4/2020,104611,62,5690,14
7/5/2020,104711,100,5724,34
7/6/2020,104952,241,5790,66
7/7/2020,105193,241,5893,103
7/8/2020,105408,215,5972,79
7/9/2020,105660,252,6065,93
7/10/2020,105888,228,6200,135
7/11/2020,106005,117,6243,43
7/12/2020,106094,89,6284,41
7/13/2020,106362,268,6397,113
7/14/2020,106590,228,6471,74
7/15/2020,106887,297,6563,92
7/16/2020,107125,238,6654,91
7/17/2020,107344,219,6771,117
7/18/2020,107470,126,6841,70
7/19/2020,107541,71,6889,48
7/20/2020,107816,275,6959,70
7/21/2020,108060,244,7076,117
7/22/2020,108288,228,7186,110
7/23/2020,108504,216,7358,172
7/24/2020,108740,236,7458,100
7/25/2020,108877,137,7478,20
7/26/2020,108971,94,7513,35
7/27/2020,109188,217,7618,105
7/28/2020,109349,161,7650,32
7/29/2020,109398,49,7696,46
7/30/2020,109400,2,7698,2
