Date,Molecular Total,Molecular New,Molecular Positive New,Molecular Missing,Serology Total,Serology New,Serology Positive New,First Molecular Test per person,Repeat Molecular Tests
1/22/2020,1,1,0,,0,0,0,1,0
1/23/2020,2,1,0,,0,0,0,1,0
1/24/2020,2,0,0,,0,0,0,0,0
1/25/2020,2,0,0,,0,0,0,0,0
1/26/2020,2,0,0,,0,0,0,0,0
1/27/2020,3,1,0,,0,0,0,1,0
1/28/2020,3,0,0,,0,0,0,0,0
1/29/2020,4,1,1,,0,0,0,1,0
1/30/2020,4,0,0,,0,0,0,0,0
1/31/2020,4,0,0,,0,0,0,0,0
2/1/2020,4,0,0,,0,0,0,0,0
2/2/2020,4,0,0,,0,0,0,0,0
2/3/2020,7,3,0,,0,0,0,3,0
2/4/2020,9,2,0,,0,0,0,2,0
2/5/2020,9,0,0,,0,0,0,0,0
2/6/2020,10,1,1,,0,0,0,1,0
2/7/2020,10,0,0,,0,0,0,0,0
2/8/2020,11,1,0,,0,0,0,1,0
2/9/2020,11,0,0,,0,0,0,0,0
2/10/2020,11,0,0,,0,0,0,0,1
2/11/2020,11,0,0,,0,0,0,0,0
2/12/2020,11,0,0,,0,0,0,1,0
2/13/2020,11,0,0,,0,0,0,0,0
2/14/2020,11,0,0,,0,0,0,0,0
2/15/2020,11,0,0,,0,0,0,0,0
2/16/2020,11,0,0,,0,0,0,0,0
2/17/2020,11,0,0,,0,0,0,0,0
2/18/2020,11,0,0,,0,0,0,0,0
2/19/2020,11,0,0,,0,0,0,0,0
2/20/2020,11,0,0,,0,0,0,0,1
2/21/2020,11,0,0,,0,0,0,0,0
2/22/2020,11,0,0,,0,0,0,0,0
2/23/2020,11,0,0,,0,0,0,0,0
2/24/2020,11,0,0,,1,1,0,0,2
2/25/2020,11,0,0,,1,0,0,0,0
2/26/2020,11,0,0,,1,0,0,0,0
2/27/2020,11,0,0,,1,0,0,0,0
2/28/2020,12,1,0,,1,0,0,0,2
2/29/2020,13,1,0,,1,0,0,1,0
3/1/2020,15,2,1,,1,0,0,2,2
3/2/2020,18,3,0,,1,0,0,3,3
3/3/2020,32,14,1,,2,1,0,14,1
3/4/2020,51,19,2,,2,0,0,19,3
3/5/2020,83,32,8,,2,0,0,33,3
3/6/2020,121,38,14,,2,0,0,42,7
3/7/2020,205,84,44,,2,0,0,86,14
3/8/2020,259,54,19,,2,0,0,53,7
3/9/2020,331,72,5,,2,0,0,76,5
3/10/2020,435,104,14,,2,0,0,103,6
3/11/2020,608,173,22,,2,0,0,176,6
3/12/2020,1026,418,29,,2,0,0,426,7
3/13/2020,1964,938,61,,2,0,0,971,14
3/14/2020,2863,899,73,,2,0,0,920,15
3/15/2020,3892,1029,68,,2,0,0,1057,27
3/16/2020,6035,2143,150,,2,0,0,2217,18
3/17/2020,8713,2678,249,,2,0,0,2762,28
3/18/2020,11692,2979,259,,2,0,0,3069,157
3/19/2020,14592,2900,278,,2,0,0,2996,142
3/20/2020,18233,3641,388,,2,0,0,3752,124
3/21/2020,20765,2532,321,,2,0,0,2603,168
3/22/2020,22660,1895,286,,2,0,0,1944,158
3/23/2020,26443,3783,609,,2,0,0,3895,202
3/24/2020,30433,3990,718,,2,0,0,4114,207
3/25/2020,34531,4098,746,,2,0,0,4215,269
3/26/2020,38947,4416,936,,2,0,0,4538,299
3/27/2020,43310,4363,943,,2,0,0,4473,342
3/28/2020,46109,2799,654,,2,0,0,2870,332
3/29/2020,48177,2068,523,,2,0,0,2155,318
3/30/2020,53226,5049,1238,,2,0,0,5167,416
3/31/2020,58462,5236,1266,,2,0,0,5459,472
4/1/2020,63383,4921,1337,,2,0,0,5113,463
4/2/2020,68597,5214,1278,,5,3,1,5408,597
4/3/2020,74328,5731,1480,,5,0,0,5944,629
4/4/2020,78308,3980,1163,,9,4,1,4058,690
4/5/2020,81722,3414,977,,9,0,0,3572,539
4/6/2020,88374,6652,1932,,13,4,0,6830,783
4/7/2020,94925,6551,2022,,17,4,0,6669,965
4/8/2020,101718,6793,1863,,19,2,0,6995,972
4/9/2020,108143,6425,1978,,41,22,2,6760,1036
4/10/2020,115715,7572,2054,,42,1,1,7795,1057
4/11/2020,120072,4357,1297,,43,1,0,4500,806
4/12/2020,123095,3023,929,,46,3,2,3095,707
4/13/2020,129351,6256,2002,,54,8,0,6352,1130
4/14/2020,139085,9734,2871,,62,8,2,9858,1487
4/15/2020,148982,9897,2599,,72,10,2,10195,1458
4/16/2020,157881,8899,2389,,93,21,0,8991,1715
4/17/2020,168957,11076,3006,,173,80,5,11446,1763
4/18/2020,174974,6017,1481,,181,8,3,6345,1135
4/19/2020,179557,4583,1090,,191,10,1,4663,933
4/20/2020,190310,10753,2694,,255,64,6,11062,1909
4/21/2020,199758,9448,2194,,331,76,11,9709,2116
4/22/2020,212219,12461,2716,,478,147,17,12752,2647
4/23/2020,222992,10773,2407,,951,473,31,10881,2544
4/24/2020,235345,12353,2283,,1849,898,82,12396,2508
4/25/2020,243569,8224,1496,,2336,487,25,8430,1836
4/26/2020,248451,4882,847,,2791,455,36,4797,1410
4/27/2020,259410,10959,2130,,3934,1143,79,10862,2934
4/28/2020,271663,12253,2107,,5357,1423,83,12280,2996
4/29/2020,284281,12618,2190,,7066,1709,105,12592,2926
4/30/2020,298020,13739,2048,,8444,1378,116,13744,3134
5/1/2020,312101,14081,2084,,10221,1777,130,14004,3288
5/2/2020,319354,7253,1031,,10815,594,57,7327,1870
5/3/2020,324441,5087,735,,11219,404,42,5039,1422
5/4/2020,336508,12067,1881,,13239,2020,162,11923,3521
5/5/2020,349132,12624,1738,,15216,1977,157,12451,3565
5/6/2020,362422,13290,1700,,17196,1980,184,13078,3607
5/7/2020,375887,13465,1683,,19263,2067,173,13436,3657
5/8/2020,389182,13295,1460,,21148,1885,136,13243,3700
5/9/2020,395006,5824,684,,21777,629,38,5714,1974
5/10/2020,398166,3160,386,,22131,354,77,3083,1475
5/11/2020,409988,11822,1311,,23974,1843,162,11626,4015
5/12/2020,423286,13298,1456,,25847,1873,148,13085,4273
5/13/2020,437260,13974,1321,,27593,1746,178,13784,4138
5/14/2020,450665,13405,1316,,29224,1631,165,13198,4184
5/15/2020,464452,13787,1108,,30840,1616,141,13588,4182
5/16/2020,471558,7106,650,,31375,535,51,6983,2344
5/17/2020,475846,4288,363,115,31733,358,54,4227,1623
5/18/2020,489206,13360,1317,1,33361,1628,137,13137,4397
5/19/2020,501583,12377,1080,0,35066,1705,164,12223,4473
5/20/2020,514451,12868,1022,0,36924,1858,149,12644,4290
5/21/2020,526239,11788,978,0,38624,1700,193,11594,4413
5/22/2020,537269,11030,866,0,40262,1638,158,10852,3934
5/23/2020,542233,4964,390,0,40680,418,41,4895,1814
5/24/2020,546316,4083,301,0,40992,312,41,4012,1529
5/25/2020,549420,3104,198,0,41320,328,49,3069,1487
5/26/2020,560659,11239,867,0,42833,1513,130,11083,4355
5/27/2020,570859,10200,694,0,44268,1435,152,10074,3869
5/28/2020,580276,9417,646,0,45556,1288,176,9285,3581
5/29/2020,590368,10092,533,0,46874,1318,138,9970,3507
5/30/2020,596163,5795,270,0,47133,259,34,5746,1809
5/31/2020,599870,3707,162,0,47318,185,38,3662,1400
6/1/2020,609381,9511,508,0,48456,1138,164,9396,3496
6/2/2020,618853,9472,447,0,49553,1097,88,9371,3704
6/3/2020,628412,9559,462,0,50716,1163,129,9418,3693
6/4/2020,637015,8603,383,0,51776,1060,90,8505,3520
6/5/2020,645533,8518,339,0,52978,1202,149,8442,3082
6/6/2020,650110,4577,149,0,53265,287,33,4562,1703
6/7/2020,653665,3555,151,0,53438,173,24,3512,1463
6/8/2020,664369,10704,355,0,54443,1005,100,10653,3291
6/9/2020,675394,11025,345,0,55607,1164,109,10923,3430
6/10/2020,685692,10298,257,0,56799,1192,137,10251,3199
6/11/2020,696033,10341,229,0,58026,1227,105,10291,2802
6/12/2020,706133,10100,257,0,59260,1234,85,10041,2998
6/13/2020,710944,4811,98,0,59486,226,21,4791,1666
6/14/2020,714682,3738,77,0,59659,173,25,3716,1351
6/15/2020,725485,10803,235,0,60828,1169,114,10749,3428
6/16/2020,735956,10471,200,0,62022,1194,87,10424,3324
6/17/2020,750470,14514,248,0,63244,1222,115,14481,3433
6/18/2020,764688,14218,242,0,64607,1363,90,14175,3177
6/19/2020,773601,8913,176,0,65729,1122,83,8876,2777
6/20/2020,779029,5428,93,0,65994,265,16,5417,1845
6/21/2020,782913,3884,79,0,66136,142,16,3875,1352
6/22/2020,793049,10136,228,0,67238,1102,97,10093,3558
6/23/2020,803641,10592,190,0,68527,1289,129,10567,3554
6/24/2020,814345,10704,211,0,69842,1315,99,10659,3383
6/25/2020,823921,9576,206,0,71039,1197,108,9534,3119
6/26/2020,834152,10231,201,0,72284,1245,104,10222,3025
6/27/2020,840235,6083,134,0,72524,240,18,6060,1814
6/28/2020,844915,4680,70,0,72741,217,19,4683,1608
6/29/2020,857157,12242,201,0,73866,1125,100,12225,3927
6/30/2020,869579,12422,220,0,75089,1223,111,12366,3785
7/1/2020,880497,10918,218,0,76183,1094,103,10896,3639
7/2/2020,890802,10305,224,0,77291,1108,119,10289,3635
7/3/2020,896875,6073,98,0,77720,429,61,6064,2300
7/4/2020,899846,2971,62,0,77835,115,9,2961,1317
7/5/2020,904690,4844,100,0,77953,118,23,4827,1863
7/6/2020,917301,12611,241,0,78870,917,94,12568,4453
7/7/2020,932233,14932,241,0,79934,1064,117,14886,4830
7/8/2020,946619,14386,215,0,80880,946,89,14354,5148
7/9/2020,959455,12836,252,0,81850,970,116,12774,4910
7/10/2020,972532,13077,228,0,83001,1151,143,13049,5046
7/11/2020,979990,7458,117,0,83289,288,34,7436,2679
7/12/2020,985082,5092,89,0,83473,184,32,5076,1888
7/13/2020,999813,14731,268,0,84529,1056,116,14671,5213
7/14/2020,1014895,15082,228,0,85513,984,91,15041,5760
7/15/2020,1030014,15119,297,0,86448,935,104,15083,5616
7/16/2020,1042280,12266,238,0,87377,929,108,12190,4882
7/17/2020,1054460,12180,219,0,88353,976,142,12125,4908
7/18/2020,1062414,7954,126,0,88637,284,62,7924,2804
7/19/2020,1067831,5417,71,0,88756,119,24,5407,2009
7/20/2020,1080294,12463,275,0,89665,909,75,12395,4541
7/21/2020,1094297,14003,244,0,90631,966,114,13966,5118
7/22/2020,1106506,12209,228,0,91583,952,119,12161,4848
7/23/2020,1119199,12693,216,0,92466,883,150,12642,5854
7/24/2020,1130229,11030,236,0,93248,782,109,10981,4439
7/25/2020,1137488,7259,137,0,93377,129,6,7225,3099
7/26/2020,1142081,4593,94,0,93472,95,8,4563,2047
7/27/2020,1152217,10136,217,0,94343,871,99,10088,4344
7/28/2020,1158970,6753,161,0,94928,585,34,6713,3371
7/29/2020,1161424,2454,49,0,95217,289,28,2439,1482
7/30/2020,1161454,30,2,0,95217,0,0,30,17
