Date,Positive Total,Positive New,Probable Total,Probable New
1/29/2020,1,1,0,0
1/30/2020,1,0,0,0
1/31/2020,1,0,0,0
2/1/2020,1,0,0,0
2/2/2020,1,0,0,0
2/3/2020,1,0,0,0
2/4/2020,1,0,0,0
2/5/2020,1,0,0,0
2/6/2020,2,1,0,0
2/7/2020,2,0,0,0
2/8/2020,2,0,0,0
2/9/2020,2,0,0,0
2/10/2020,2,0,0,0
2/11/2020,2,0,0,0
2/12/2020,2,0,0,0
2/13/2020,2,0,0,0
2/14/2020,2,0,0,0
2/15/2020,2,0,0,0
2/16/2020,2,0,0,0
2/17/2020,2,0,0,0
2/18/2020,2,0,0,0
2/19/2020,2,0,0,0
2/20/2020,2,0,0,0
2/21/2020,2,0,0,0
2/22/2020,2,0,0,0
2/23/2020,2,0,0,0
2/24/2020,2,0,0,0
2/25/2020,2,0,0,0
2/26/2020,2,0,0,0
2/27/2020,2,0,0,0
2/28/2020,2,0,0,0
2/29/2020,2,0,0,0
3/1/2020,3,1,3,3
3/2/2020,3,0,5,2
3/3/2020,4,1,8,3
3/4/2020,6,2,9,1
3/5/2020,14,8,12,3
3/6/2020,28,14,12,0
3/7/2020,72,44,15,3
3/8/2020,91,19,20,5
3/9/2020,96,5,24,4
3/10/2020,110,14,30,6
3/11/2020,132,22,35,5
3/12/2020,161,29,39,4
3/13/2020,222,61,45,6
3/14/2020,295,73,49,4
3/15/2020,363,68,55,6
3/16/2020,513,150,58,3
3/17/2020,762,249,66,8
3/18/2020,1021,259,73,7
3/19/2020,1299,278,79,6
3/20/2020,1687,388,90,11
3/21/2020,2008,321,100,10
3/22/2020,2294,286,104,4
3/23/2020,2903,609,115,11
3/24/2020,3621,718,126,11
3/25/2020,4367,746,137,11
3/26/2020,5303,936,142,5
3/27/2020,6246,943,149,7
3/28/2020,6900,654,157,8
3/29/2020,7423,523,163,6
3/30/2020,8661,1238,165,2
3/31/2020,9927,1266,170,5
4/1/2020,11264,1337,175,5
4/2/2020,12542,1278,181,6
4/3/2020,14022,1480,189,8
4/4/2020,15185,1163,196,7
4/5/2020,16162,977,205,9
4/6/2020,18094,1932,210,5
4/7/2020,20116,2022,220,10
4/8/2020,21980,1864,229,9
4/9/2020,23958,1978,240,11
4/10/2020,26012,2054,248,8
4/11/2020,27309,1297,256,8
4/12/2020,28238,929,269,13
4/13/2020,30240,2002,275,6
4/14/2020,33111,2871,280,5
4/15/2020,35710,2599,294,14
4/16/2020,38098,2388,302,8
4/17/2020,41104,3006,320,18
4/18/2020,42585,1481,328,8
4/19/2020,43674,1089,332,4
4/20/2020,46366,2692,345,13
4/21/2020,48556,2190,363,18
4/22/2020,51271,2715,393,30
4/23/2020,53679,2408,420,27
4/24/2020,55962,2283,485,65
4/25/2020,57458,1496,507,22
4/26/2020,58305,847,537,30
4/27/2020,60435,2130,608,71
4/28/2020,62542,2107,671,63
4/29/2020,64732,2190,754,83
4/30/2020,66780,2048,855,101
5/1/2020,68864,2084,951,96
5/2/2020,69895,1031,1009,58
5/3/2020,70630,735,1042,33
5/4/2020,72511,1881,1178,136
5/5/2020,74249,1738,1306,128
5/6/2020,75949,1700,1447,141
5/7/2020,77632,1683,1569,122
5/8/2020,79093,1461,1663,94
5/9/2020,79777,684,1695,32
5/10/2020,80163,386,1757,62
5/11/2020,81476,1313,1868,111
5/12/2020,82932,1456,1988,120
5/13/2020,84252,1320,2119,131
5/14/2020,85568,1316,2246,127
5/15/2020,86675,1107,2341,95
5/16/2020,87325,650,2380,39
5/17/2020,87691,366,2427,47
5/18/2020,89017,1326,2528,101
5/19/2020,90095,1078,2648,120
5/20/2020,91115,1020,2754,106
5/21/2020,92084,969,2894,140
5/22/2020,92950,866,3004,110
5/23/2020,93340,390,3042,38
5/24/2020,93641,301,3081,39
5/25/2020,93839,198,3138,57
5/26/2020,94706,867,3238,100
5/27/2020,95400,694,3346,108
5/28/2020,96046,646,3465,119
5/29/2020,96579,533,3558,93
5/30/2020,96849,270,3595,37
5/31/2020,97011,162,3629,34
6/1/2020,97519,508,3694,65
6/2/2020,97966,447,3745,51
6/3/2020,98428,462,3816,71
6/4/2020,98811,383,3868,52
6/5/2020,99150,339,3961,93
6/6/2020,99299,149,3993,32
6/7/2020,99450,151,4013,20
6/8/2020,99805,355,4085,72
6/9/2020,100149,344,4165,80
6/10/2020,100406,257,4269,104
6/11/2020,100635,229,4346,77
6/12/2020,100891,256,4398,52
6/13/2020,100989,98,4418,20
6/14/2020,101066,77,4445,27
6/15/2020,101301,235,4521,76
6/16/2020,101501,200,4582,61
6/17/2020,101749,248,4670,88
6/18/2020,101990,241,4740,70
6/19/2020,102166,176,4798,58
6/20/2020,102259,93,4818,20
6/21/2020,102338,79,4833,15
6/22/2020,102566,228,4902,69
6/23/2020,102756,190,4989,87
6/24/2020,102967,211,5059,70
6/25/2020,103173,206,5140,81
6/26/2020,103373,200,5218,78
6/27/2020,103507,134,5239,21
6/28/2020,103577,70,5260,21
6/29/2020,103778,201,5329,69
6/30/2020,103998,220,5426,97
7/1/2020,104216,218,5535,109
7/2/2020,104439,223,5635,100
7/3/2020,104536,97,5693,58
7/4/2020,104597,61,5706,13
7/5/2020,104697,100,5740,34
7/6/2020,104936,239,5806,66
7/7/2020,105177,241,5908,102
7/8/2020,105392,215,5987,79
7/9/2020,105645,253,6080,93
7/10/2020,105875,230,6214,134
7/11/2020,105991,116,6256,42
7/12/2020,106081,90,6297,41
7/13/2020,106347,266,6408,111
7/14/2020,106580,233,6482,74
7/15/2020,106880,300,6575,93
7/16/2020,107125,245,6666,91
7/17/2020,107349,224,6783,117
7/18/2020,107478,129,6854,71
7/19/2020,107550,72,6900,46
7/20/2020,107835,285,6972,72
7/21/2020,108096,261,7092,120
7/22/2020,108354,258,7201,109
7/23/2020,108612,258,7368,167
7/24/2020,108871,259,7473,105
7/25/2020,109031,160,7499,26
7/26/2020,109133,102,7542,43
7/27/2020,109492,359,7697,155
7/28/2020,109811,319,7805,108
7/29/2020,110130,319,7918,113
7/30/2020,110572,442,8014,96
7/31/2020,110908,336,8137,123
8/1/2020,111055,147,8156,19
8/2/2020,111166,111,8203,47
8/3/2020,111487,321,8311,108
8/4/2020,111730,243,8416,105
8/5/2020,111964,234,8464,48
8/6/2020,112144,180,8507,43
8/7/2020,112173,29,8538,31
8/8/2020,112173,0,8538,0
