Date,Molecular Total,Molecular New,Molecular Positive New,Molecular Missing,Serology Total,Serology New,Serology Positive New,First Molecular Test per person,Repeat Molecular Tests
1/22/2020,1,1,0,,0,0,0,1,0
1/23/2020,2,1,0,,0,0,0,1,0
1/24/2020,2,0,0,,0,0,0,0,0
1/25/2020,2,0,0,,0,0,0,0,0
1/26/2020,2,0,0,,0,0,0,0,0
1/27/2020,3,1,0,,0,0,0,1,0
1/28/2020,3,0,0,,0,0,0,0,0
1/29/2020,4,1,1,,0,0,0,1,0
1/30/2020,4,0,0,,0,0,0,0,0
1/31/2020,4,0,0,,0,0,0,0,0
2/1/2020,4,0,0,,0,0,0,0,0
2/2/2020,4,0,0,,0,0,0,0,0
2/3/2020,7,3,0,,0,0,0,3,0
2/4/2020,9,2,0,,0,0,0,2,0
2/5/2020,9,0,0,,0,0,0,0,0
2/6/2020,10,1,1,,0,0,0,1,0
2/7/2020,10,0,0,,0,0,0,0,0
2/8/2020,11,1,0,,0,0,0,1,0
2/9/2020,11,0,0,,0,0,0,0,0
2/10/2020,11,0,0,,0,0,0,0,1
2/11/2020,11,0,0,,0,0,0,0,0
2/12/2020,11,0,0,,0,0,0,1,0
2/13/2020,11,0,0,,0,0,0,0,0
2/14/2020,11,0,0,,0,0,0,0,0
2/15/2020,11,0,0,,0,0,0,0,0
2/16/2020,11,0,0,,0,0,0,0,0
2/17/2020,11,0,0,,0,0,0,0,0
2/18/2020,11,0,0,,0,0,0,0,0
2/19/2020,11,0,0,,0,0,0,0,0
2/20/2020,11,0,0,,0,0,0,0,1
2/21/2020,11,0,0,,0,0,0,0,0
2/22/2020,11,0,0,,0,0,0,0,0
2/23/2020,11,0,0,,0,0,0,0,0
2/24/2020,11,0,0,,1,1,0,0,2
2/25/2020,11,0,0,,1,0,0,0,0
2/26/2020,11,0,0,,1,0,0,0,0
2/27/2020,11,0,0,,1,0,0,0,0
2/28/2020,12,1,0,,1,0,0,0,2
2/29/2020,13,1,0,,1,0,0,1,0
3/1/2020,15,2,1,,1,0,0,2,2
3/2/2020,18,3,0,,1,0,0,3,3
3/3/2020,32,14,1,,2,1,0,14,1
3/4/2020,51,19,2,,2,0,0,19,3
3/5/2020,83,32,8,,2,0,0,33,3
3/6/2020,121,38,14,,2,0,0,42,7
3/7/2020,205,84,44,,2,0,0,86,14
3/8/2020,260,55,19,,2,0,0,54,7
3/9/2020,332,72,5,,2,0,0,76,5
3/10/2020,436,104,14,,2,0,0,103,6
3/11/2020,609,173,22,,2,0,0,176,6
3/12/2020,1026,417,29,,2,0,0,425,7
3/13/2020,1963,937,61,,2,0,0,971,14
3/14/2020,2862,899,73,,2,0,0,920,15
3/15/2020,3889,1027,68,,2,0,0,1057,27
3/16/2020,6030,2141,150,,2,0,0,2217,18
3/17/2020,8707,2677,249,,2,0,0,2762,28
3/18/2020,11685,2978,259,,2,0,0,3069,157
3/19/2020,14583,2898,278,,2,0,0,2996,142
3/20/2020,18221,3638,388,,2,0,0,3751,124
3/21/2020,20750,2529,321,,2,0,0,2603,168
3/22/2020,22644,1894,286,,2,0,0,1943,159
3/23/2020,26425,3781,609,,2,0,0,3895,202
3/24/2020,30412,3987,718,,2,0,0,4112,207
3/25/2020,34510,4098,746,,2,0,0,4215,269
3/26/2020,38923,4413,936,,2,0,0,4538,299
3/27/2020,43283,4360,943,,2,0,0,4473,342
3/28/2020,46082,2799,654,,2,0,0,2870,332
3/29/2020,48150,2068,523,,2,0,0,2155,318
3/30/2020,53194,5044,1238,,2,0,0,5165,416
3/31/2020,58428,5234,1266,,2,0,0,5459,471
4/1/2020,63348,4920,1337,,2,0,0,5113,463
4/2/2020,68558,5210,1278,,5,3,1,5407,597
4/3/2020,74282,5724,1480,,5,0,0,5938,629
4/4/2020,78254,3972,1163,,9,4,1,4054,690
4/5/2020,81658,3404,977,,9,0,0,3563,539
4/6/2020,88279,6621,1932,,13,4,0,6808,783
4/7/2020,94813,6534,2022,,17,4,0,6660,967
4/8/2020,101581,6768,1864,,19,2,0,6977,983
4/9/2020,107988,6407,1978,,41,22,2,6750,1041
4/10/2020,115553,7565,2054,,42,1,1,7791,1061
4/11/2020,119904,4351,1297,,43,1,0,4499,808
4/12/2020,122918,3014,929,,46,3,2,3090,712
4/13/2020,129165,6247,2002,,54,8,0,6345,1135
4/14/2020,138884,9719,2871,,62,8,2,9848,1497
4/15/2020,148769,9885,2599,,72,10,2,10188,1465
4/16/2020,157642,8873,2388,,93,21,0,8973,1733
4/17/2020,168690,11048,3006,,173,80,5,11426,1779
4/18/2020,174692,6002,1481,,181,8,3,6335,1144
4/19/2020,179265,4573,1089,,191,10,1,4657,939
4/20/2020,189987,10722,2692,,255,64,6,11034,1930
4/21/2020,199402,9415,2190,,331,76,11,9687,2137
4/22/2020,211833,12431,2715,,478,147,17,12729,2669
4/23/2020,222588,10755,2408,,951,473,31,10869,2557
4/24/2020,234919,12331,2283,,1849,898,82,12381,2522
4/25/2020,243104,8185,1496,,2336,487,25,8420,1846
4/26/2020,247974,4870,847,,2791,455,36,4792,1416
4/27/2020,258912,10938,2130,,3933,1142,79,10847,2948
4/28/2020,271146,12234,2107,,5354,1421,83,12272,3003
4/29/2020,283718,12572,2190,,7059,1705,105,12573,2941
4/30/2020,297428,13710,2048,,8437,1378,116,13722,3152
5/1/2020,311486,14058,2084,,10214,1777,130,13992,3299
5/2/2020,318715,7229,1031,,10808,594,57,7311,1886
5/3/2020,323794,5079,735,,11212,404,42,5032,1429
5/4/2020,335843,12049,1881,,13232,2020,162,11911,3533
5/5/2020,348432,12589,1738,,15209,1977,157,12432,3582
5/6/2020,361691,13259,1700,,17188,1979,184,13068,3617
5/7/2020,375134,13443,1683,,19255,2067,173,13419,3672
5/8/2020,388389,13255,1461,,21139,1884,136,13213,3732
5/9/2020,394203,5814,684,,21767,628,38,5709,1979
5/10/2020,397358,3155,386,,22121,354,77,3078,1481
5/11/2020,409154,11796,1313,,23964,1843,162,11615,4029
5/12/2020,422414,13260,1456,,25837,1873,148,13063,4296
5/13/2020,436365,13951,1320,,27582,1745,178,13770,4152
5/14/2020,449737,13372,1316,,29213,1631,165,13179,4200
5/15/2020,463492,13755,1107,,30829,1616,141,13568,4200
5/16/2020,470596,7104,650,,31364,535,51,6985,2356
5/17/2020,474886,4290,366,115,31722,358,54,4231,1624
5/18/2020,488253,13367,1326,1,33349,1627,137,13158,4432
5/19/2020,500593,12340,1078,0,35053,1704,164,12197,4492
5/20/2020,513428,12835,1020,0,36914,1861,149,12618,4292
5/21/2020,525158,11730,969,0,38620,1706,193,11546,4399
5/22/2020,536172,11014,866,0,40264,1644,158,10843,3948
5/23/2020,541133,4961,390,0,40685,421,41,4896,1815
5/24/2020,545212,4079,301,0,40999,314,41,4011,1533
5/25/2020,548309,3097,198,0,41329,330,49,3066,1492
5/26/2020,559534,11225,867,0,42848,1519,130,11076,4360
5/27/2020,569724,10190,694,0,44286,1438,153,10070,3873
5/28/2020,579120,9396,646,0,45580,1294,178,9271,3585
5/29/2020,589203,10083,533,0,46904,1324,138,9963,3513
5/30/2020,594992,5789,270,0,47168,264,35,5742,1813
5/31/2020,598695,3703,162,0,47357,189,38,3661,1401
6/1/2020,608193,9498,508,0,48508,1151,165,9390,3502
6/2/2020,617651,9458,447,0,49610,1102,88,9364,3710
6/3/2020,627206,9555,462,0,50773,1163,124,9414,3697
6/4/2020,635800,8594,383,0,51844,1071,91,8499,3525
6/5/2020,644312,8512,339,0,53052,1208,150,8437,3087
6/6/2020,648886,4574,149,0,53340,288,33,4560,1705
6/7/2020,652435,3549,151,0,53513,173,24,3509,1466
6/8/2020,663129,10694,355,0,54525,1012,102,10644,3301
6/9/2020,674135,11006,344,0,55695,1170,109,10911,3444
6/10/2020,684407,10272,257,0,56895,1200,137,10230,3207
6/11/2020,694706,10299,229,0,58127,1232,106,10252,2830
6/12/2020,704772,10066,256,0,59368,1241,85,10007,3004
6/13/2020,709566,4794,98,0,59598,230,22,4776,1659
6/14/2020,713277,3711,77,0,59774,176,25,3690,1350
6/15/2020,724022,10745,235,0,60952,1178,114,10697,3435
6/16/2020,734449,10427,200,0,62159,1207,88,10383,3320
6/17/2020,748931,14482,248,0,63385,1226,115,14459,3436
6/18/2020,763122,14191,241,0,64755,1370,90,14150,3190
6/19/2020,772006,8884,176,0,65881,1126,83,8850,2776
6/20/2020,777387,5381,93,0,66152,271,18,5370,1842
6/21/2020,781269,3882,79,0,66297,145,16,3872,1356
6/22/2020,791345,10076,228,0,67403,1106,98,10035,3560
6/23/2020,801878,10533,190,0,68696,1293,129,10513,3563
6/24/2020,812535,10657,211,0,70016,1320,100,10616,3385
6/25/2020,822102,9567,206,0,71219,1203,109,9527,3121
6/26/2020,832313,10211,200,0,72471,1252,106,10208,3024
6/27/2020,838363,6050,134,0,72714,243,19,6030,1807
6/28/2020,843008,4645,70,0,72935,221,19,4650,1601
6/29/2020,855201,12193,201,0,74065,1130,100,12182,3935
6/30/2020,867581,12380,220,0,75292,1227,111,12327,3787
7/1/2020,878477,10896,218,0,76391,1099,103,10881,3648
7/2/2020,888759,10282,223,0,77508,1117,120,10275,3642
7/3/2020,894808,6049,97,0,77937,429,61,6043,2299
7/4/2020,897777,2969,61,0,78054,117,9,2959,1318
7/5/2020,902582,4805,100,0,78175,121,23,4788,1859
7/6/2020,915137,12555,239,0,79098,923,94,12516,4466
7/7/2020,930050,14913,241,0,80171,1073,117,14874,4841
7/8/2020,944422,14372,215,0,81114,943,89,14346,5159
7/9/2020,957269,12847,253,0,82083,969,116,12798,4943
7/10/2020,970479,13210,230,0,83234,1151,143,13195,5061
7/11/2020,977976,7497,116,0,83522,288,34,7482,2680
7/12/2020,983066,5090,90,0,83706,184,32,5076,1890
7/13/2020,997829,14763,266,0,84762,1056,116,14706,5239
7/14/2020,1012913,15084,233,0,85746,984,91,15054,5769
7/15/2020,1028062,15149,300,0,86680,934,104,15120,5667
7/16/2020,1040545,12483,245,0,87610,930,108,12415,5003
7/17/2020,1053361,12816,224,0,88587,977,142,12767,5084
7/18/2020,1061409,8048,129,0,88872,285,62,8025,2831
7/19/2020,1066866,5457,72,0,88991,119,24,5452,2020
7/20/2020,1079615,12749,285,0,89903,912,76,12687,4610
7/21/2020,1093884,14269,261,0,90938,1035,114,14242,5233
7/22/2020,1107012,13128,258,0,91892,954,119,13085,5072
7/23/2020,1120718,13706,258,0,92781,889,149,13662,6221
7/24/2020,1133012,12294,259,0,93566,785,109,12253,4849
7/25/2020,1140928,7916,160,0,93698,132,6,7897,3225
7/26/2020,1145949,5021,102,0,93792,94,7,4991,2153
7/27/2020,1161954,16005,359,0,94757,965,147,15897,6017
7/28/2020,1179410,17456,319,0,95637,880,118,17361,7794
7/29/2020,1194838,15428,319,0,96512,875,126,15333,6570
7/30/2020,1210464,15626,442,0,97283,771,104,15447,6930
7/31/2020,1225307,14843,336,0,97971,688,103,14771,6449
8/1/2020,1233095,7788,147,0,98101,130,14,7759,3003
8/2/2020,1238587,5492,111,0,98230,129,44,5471,2348
8/3/2020,1255928,17341,321,0,98935,705,99,17250,7556
8/4/2020,1269655,13727,243,0,99717,782,107,13675,7105
8/5/2020,1283330,13675,234,0,100343,626,58,13616,6589
8/6/2020,1291886,8556,180,0,100880,537,43,8511,4266
8/7/2020,1294188,2302,29,0,101139,259,21,2290,1317
8/8/2020,1294206,18,0,0,101139,0,0,18,13
