Date,Molecular Total,Molecular New,Molecular Positive New,Molecular Missing,Serology Total,Serology New,Serology Positive New,First Molecular Test per person,Repeat Molecular Tests
1/22/2020,1,1,0,,0,0,0,1,0
1/23/2020,2,1,0,,0,0,0,1,0
1/24/2020,2,0,0,,0,0,0,0,0
1/25/2020,2,0,0,,0,0,0,0,0
1/26/2020,2,0,0,,0,0,0,0,0
1/27/2020,3,1,0,,0,0,0,1,0
1/28/2020,3,0,0,,0,0,0,0,0
1/29/2020,4,1,1,,0,0,0,1,0
1/30/2020,4,0,0,,0,0,0,0,0
1/31/2020,4,0,0,,0,0,0,0,0
2/1/2020,4,0,0,,0,0,0,0,0
2/2/2020,4,0,0,,0,0,0,0,0
2/3/2020,7,3,0,,0,0,0,3,0
2/4/2020,9,2,0,,0,0,0,2,0
2/5/2020,9,0,0,,0,0,0,0,0
2/6/2020,10,1,1,,0,0,0,1,0
2/7/2020,10,0,0,,0,0,0,0,0
2/8/2020,11,1,0,,0,0,0,1,0
2/9/2020,11,0,0,,0,0,0,0,0
2/10/2020,11,0,0,,0,0,0,0,1
2/11/2020,11,0,0,,0,0,0,0,0
2/12/2020,11,0,0,,0,0,0,1,0
2/13/2020,11,0,0,,0,0,0,0,0
2/14/2020,11,0,0,,0,0,0,0,0
2/15/2020,11,0,0,,0,0,0,0,0
2/16/2020,11,0,0,,0,0,0,0,0
2/17/2020,11,0,0,,0,0,0,0,0
2/18/2020,11,0,0,,0,0,0,0,0
2/19/2020,11,0,0,,0,0,0,0,0
2/20/2020,11,0,0,,0,0,0,0,1
2/21/2020,11,0,0,,0,0,0,0,0
2/22/2020,11,0,0,,0,0,0,0,0
2/23/2020,11,0,0,,0,0,0,0,0
2/24/2020,11,0,0,,1,1,0,0,2
2/25/2020,11,0,0,,1,0,0,0,0
2/26/2020,11,0,0,,1,0,0,0,0
2/27/2020,11,0,0,,1,0,0,0,0
2/28/2020,12,1,0,,1,0,0,0,2
2/29/2020,13,1,0,,1,0,0,1,0
3/1/2020,15,2,1,,1,0,0,2,2
3/2/2020,18,3,0,,1,0,0,3,3
3/3/2020,32,14,1,,2,1,0,14,1
3/4/2020,51,19,2,,2,0,0,19,3
3/5/2020,83,32,8,,2,0,0,33,3
3/6/2020,122,39,14,,2,0,0,43,7
3/7/2020,206,84,44,,2,0,0,86,14
3/8/2020,260,54,19,,2,0,0,53,7
3/9/2020,333,73,5,,2,0,0,76,5
3/10/2020,438,105,14,,2,0,0,104,6
3/11/2020,611,173,22,,2,0,0,176,6
3/12/2020,1029,418,29,,2,0,0,426,7
3/13/2020,1969,940,61,,2,0,0,972,14
3/14/2020,2868,899,73,,2,0,0,920,15
3/15/2020,3897,1029,68,,2,0,0,1057,27
3/16/2020,6042,2145,150,,2,0,0,2218,18
3/17/2020,8723,2681,249,,2,0,0,2763,28
3/18/2020,11704,2981,259,,2,0,0,3070,157
3/19/2020,14607,2903,278,,2,0,0,2998,142
3/20/2020,18251,3644,388,,2,0,0,3752,124
3/21/2020,20784,2533,321,,2,0,0,2603,168
3/22/2020,22680,1896,286,,2,0,0,1944,158
3/23/2020,26467,3787,609,,2,0,0,3895,202
3/24/2020,30462,3995,718,,2,0,0,4114,207
3/25/2020,34565,4103,746,,2,0,0,4216,269
3/26/2020,38987,4422,936,,2,0,0,4540,299
3/27/2020,43356,4369,943,,2,0,0,4474,342
3/28/2020,46158,2802,655,,2,0,0,2871,332
3/29/2020,48227,2069,523,,2,0,0,2155,318
3/30/2020,53283,5056,1238,,2,0,0,5174,416
3/31/2020,58520,5237,1265,,2,0,0,5459,472
4/1/2020,63443,4923,1337,,2,0,0,5113,463
4/2/2020,68659,5216,1278,,5,3,1,5410,597
4/3/2020,74411,5752,1480,,5,0,0,5961,626
4/4/2020,78402,3991,1163,,9,4,1,4064,690
4/5/2020,81823,3421,976,,9,0,0,3575,538
4/6/2020,88489,6666,1932,,13,4,0,6838,775
4/7/2020,95053,6564,2022,,17,4,0,6679,954
4/8/2020,101855,6802,1864,,19,2,0,7003,965
4/9/2020,108289,6434,1978,,41,22,2,6764,1032
4/10/2020,115875,7586,2054,,41,0,0,7798,1053
4/11/2020,120241,4366,1296,,42,1,0,4505,801
4/12/2020,123307,3066,929,,45,3,2,3133,701
4/13/2020,129642,6335,2004,,53,8,0,6427,1111
4/14/2020,139405,9763,2873,,62,9,2,9881,1468
4/15/2020,149342,9937,2600,,72,10,2,10225,1444
4/16/2020,158258,8916,2389,,93,21,0,8998,1703
4/17/2020,169357,11099,3009,,173,80,5,11461,1751
4/18/2020,175403,6046,1483,,181,8,3,6373,1108
4/19/2020,180001,4598,1090,,191,10,1,4669,926
4/20/2020,190799,10798,2695,,255,64,6,11078,1893
4/21/2020,200267,9468,2195,,331,76,11,9719,2109
4/22/2020,212754,12487,2716,,479,148,17,12766,2631
4/23/2020,223559,10805,2412,,953,474,31,10897,2530
4/24/2020,235923,12364,2283,,1852,899,82,12396,2495
4/25/2020,244177,8254,1497,,2339,487,25,8443,1822
4/26/2020,249067,4890,848,,2794,455,36,4804,1403
4/27/2020,260055,10988,2131,,3938,1144,79,10878,2918
4/28/2020,272332,12277,2108,,5362,1424,83,12294,2984
4/29/2020,284982,12650,2190,,7071,1709,105,12610,2911
4/30/2020,298744,13762,2049,,8449,1378,116,13759,3120
5/1/2020,312860,14116,2085,,10226,1777,130,14030,3265
5/2/2020,320139,7279,1034,,10821,595,57,7343,1855
5/3/2020,325249,5110,735,,11225,404,42,5054,1409
5/4/2020,337371,12122,1885,,13211,1986,162,11968,3478
5/5/2020,350043,12672,1740,,15154,1943,157,12487,3531
5/6/2020,363382,13339,1709,,17086,1932,184,13108,3576
5/7/2020,376886,13504,1687,,19135,2049,173,13470,3623
5/8/2020,390229,13343,1462,,20993,1858,136,13273,3671
5/9/2020,396066,5837,684,,21616,623,38,5724,1962
5/10/2020,399235,3169,386,,21968,352,77,3093,1465
5/11/2020,411111,11876,1317,,23783,1815,162,11654,3992
5/12/2020,424460,13349,1459,,25636,1853,148,13121,4238
5/13/2020,438497,14037,1326,,27348,1712,178,13842,4084
5/14/2020,451978,13481,1319,,28954,1606,165,13254,4131
5/15/2020,465792,13814,1110,,30547,1593,141,13606,4160
5/16/2020,472926,7134,655,,31077,530,51,7004,2326
5/17/2020,477231,4305,366,115,31433,356,54,4242,1608
5/18/2020,490651,13420,1322,1,33022,1589,137,13186,4352
5/19/2020,503085,12434,1087,0,34699,1677,164,12272,4425
5/20/2020,515979,12894,1025,0,36523,1824,149,12658,4260
5/21/2020,527859,11880,990,0,38154,1631,191,11676,4330
5/22/2020,538929,11070,875,0,39754,1600,158,10884,3903
5/23/2020,543908,4979,393,0,40167,413,41,4906,1806
5/24/2020,547997,4089,303,0,40474,307,41,4017,1524
5/25/2020,551115,3118,200,0,40800,326,49,3078,1479
5/26/2020,562389,11274,881,0,42277,1477,129,11115,4325
5/27/2020,572622,10233,707,0,43694,1417,152,10094,3850
5/28/2020,582061,9439,652,0,44957,1263,176,9300,3566
5/29/2020,592184,10123,539,0,46245,1288,138,9995,3479
5/30/2020,597985,5801,274,0,46503,258,34,5756,1798
5/31/2020,601699,3714,163,0,46686,183,38,3672,1392
6/1/2020,611232,9533,512,0,47801,1115,164,9415,3478
6/2/2020,620711,9479,447,0,48866,1065,88,9381,3693
6/3/2020,630312,9601,467,0,49976,1110,126,9466,3646
6/4/2020,638946,8634,388,0,50995,1019,90,8539,3484
6/5/2020,647485,8539,343,0,52177,1182,149,8458,3069
6/6/2020,652069,4584,149,0,52457,280,33,4568,1695
6/7/2020,655629,3560,151,0,52628,171,24,3514,1460
6/8/2020,666353,10724,357,0,53602,974,100,10665,3272
6/9/2020,677415,11062,347,0,54734,1132,109,10961,3389
6/10/2020,687759,10344,259,0,55895,1161,136,10286,3177
6/11/2020,698125,10366,229,0,57083,1188,105,10306,2793
6/12/2020,708269,10144,259,0,58272,1189,82,10080,2974
6/13/2020,713114,4845,98,0,58490,218,21,4824,1666
6/14/2020,716876,3762,76,0,58662,172,25,3739,1350
6/15/2020,727742,10866,235,0,59795,1133,101,10806,3413
6/16/2020,738266,10524,200,0,60964,1169,83,10471,3308
6/17/2020,752790,14524,248,0,62150,1186,102,14477,3423
6/18/2020,767041,14251,242,0,63481,1331,81,14200,3170
6/19/2020,776005,8964,177,0,64572,1091,74,8918,2768
6/20/2020,781483,5478,94,0,64835,263,16,5465,1847
6/21/2020,785374,3891,78,0,64975,140,16,3879,1346
6/22/2020,795570,10196,231,0,66038,1063,83,10150,3516
6/23/2020,806232,10662,187,0,67279,1241,122,10626,3537
6/24/2020,816992,10760,211,0,68556,1277,92,10706,3341
6/25/2020,826594,9602,205,0,69710,1154,100,9552,3098
6/26/2020,836862,10268,203,0,70908,1198,91,10249,3010
6/27/2020,842990,6128,135,0,71145,237,15,6102,1818
6/28/2020,847712,4722,69,0,71361,216,18,4715,1608
6/29/2020,860013,12301,200,0,72463,1102,95,12269,3887
6/30/2020,872453,12440,214,0,73657,1194,106,12380,3769
7/1/2020,883366,10913,218,0,74718,1061,95,10883,3590
7/2/2020,893658,10292,227,0,75774,1056,103,10263,3594
7/3/2020,899687,6029,97,0,76202,428,54,6014,2277
7/4/2020,902625,2938,63,0,76312,110,7,2926,1304
7/5/2020,907369,4744,97,0,76429,117,23,4725,1840
7/6/2020,919576,12207,236,0,77298,869,86,12152,4189
7/7/2020,932562,12986,194,0,78316,1018,111,12942,4126
7/8/2020,942898,10336,169,0,79195,879,80,10300,4041
7/9/2020,951468,8570,166,0,80053,858,113,8519,3562
7/10/2020,960256,8788,158,0,80995,942,104,8755,3715
7/11/2020,965868,5612,74,0,81191,196,31,5594,2121
7/12/2020,968914,3046,54,0,81274,83,6,3035,1376
7/13/2020,972055,3141,44,0,81525,251,15,3134,1481
7/14/2020,972070,15,0,0,81525,0,0,15,11
