Date,Positive Total,Positive New,Probable Total,Probable New
1/29/2020,1,1,0,0
1/30/2020,1,0,0,0
1/31/2020,1,0,0,0
2/1/2020,1,0,0,0
2/2/2020,1,0,0,0
2/3/2020,1,0,0,0
2/4/2020,1,0,0,0
2/5/2020,1,0,0,0
2/6/2020,2,1,0,0
2/7/2020,2,0,0,0
2/8/2020,2,0,0,0
2/9/2020,2,0,0,0
2/10/2020,2,0,0,0
2/11/2020,2,0,0,0
2/12/2020,2,0,0,0
2/13/2020,2,0,0,0
2/14/2020,2,0,0,0
2/15/2020,2,0,0,0
2/16/2020,2,0,0,0
2/17/2020,2,0,0,0
2/18/2020,2,0,0,0
2/19/2020,2,0,0,0
2/20/2020,2,0,0,0
2/21/2020,2,0,0,0
2/22/2020,2,0,0,0
2/23/2020,2,0,0,0
2/24/2020,2,0,0,0
2/25/2020,2,0,0,0
2/26/2020,2,0,0,0
2/27/2020,2,0,0,0
2/28/2020,2,0,0,0
2/29/2020,2,0,0,0
3/1/2020,3,1,3,3
3/2/2020,3,0,5,2
3/3/2020,4,1,8,3
3/4/2020,6,2,9,1
3/5/2020,14,8,12,3
3/6/2020,28,14,12,0
3/7/2020,72,44,15,3
3/8/2020,91,19,20,5
3/9/2020,96,5,24,4
3/10/2020,110,14,30,6
3/11/2020,132,22,35,5
3/12/2020,161,29,39,4
3/13/2020,222,61,44,5
3/14/2020,295,73,48,4
3/15/2020,363,68,54,6
3/16/2020,513,150,57,3
3/17/2020,762,249,65,8
3/18/2020,1021,259,72,7
3/19/2020,1299,278,78,6
3/20/2020,1687,388,89,11
3/21/2020,2008,321,98,9
3/22/2020,2294,286,102,4
3/23/2020,2903,609,113,11
3/24/2020,3621,718,124,11
3/25/2020,4367,746,135,11
3/26/2020,5303,936,139,4
3/27/2020,6246,943,145,6
3/28/2020,6901,655,153,8
3/29/2020,7424,523,158,5
3/30/2020,8662,1238,160,2
3/31/2020,9927,1265,165,5
4/1/2020,11264,1337,170,5
4/2/2020,12542,1278,176,6
4/3/2020,14022,1480,184,8
4/4/2020,15185,1163,190,6
4/5/2020,16162,977,198,8
4/6/2020,18093,1931,204,6
4/7/2020,20115,2022,213,9
4/8/2020,21978,1863,222,9
4/9/2020,23956,1978,233,11
4/10/2020,26010,2054,241,8
4/11/2020,27307,1297,249,8
4/12/2020,28236,929,262,13
4/13/2020,30238,2002,268,6
4/14/2020,33109,2871,273,5
4/15/2020,35708,2599,287,14
4/16/2020,38097,2389,295,8
4/17/2020,41104,3007,313,18
4/18/2020,42585,1481,320,7
4/19/2020,43675,1090,324,4
4/20/2020,46370,2695,337,13
4/21/2020,48564,2194,355,18
4/22/2020,51279,2715,385,30
4/23/2020,53686,2407,412,27
4/24/2020,55969,2283,477,65
4/25/2020,57465,1496,499,22
4/26/2020,58312,847,529,30
4/27/2020,60442,2130,600,71
4/28/2020,62549,2107,663,63
4/29/2020,64739,2190,746,83
4/30/2020,66787,2048,847,101
5/1/2020,68871,2084,942,95
5/2/2020,69902,1031,1000,58
5/3/2020,70636,734,1033,33
5/4/2020,72517,1881,1169,136
5/5/2020,74255,1738,1297,128
5/6/2020,75955,1700,1438,141
5/7/2020,77638,1683,1560,122
5/8/2020,79098,1460,1654,94
5/9/2020,79782,684,1687,33
5/10/2020,80168,386,1749,62
5/11/2020,81479,1311,1860,111
5/12/2020,82934,1455,1978,118
5/13/2020,84255,1321,2109,131
5/14/2020,85571,1316,2236,127
5/15/2020,86679,1108,2331,95
5/16/2020,87329,650,2369,38
5/17/2020,87692,363,2417,48
5/18/2020,89009,1317,2518,101
5/19/2020,90089,1080,2639,121
5/20/2020,91111,1022,2745,106
5/21/2020,92089,978,2885,140
5/22/2020,92955,866,2995,110
5/23/2020,93345,390,3032,37
5/24/2020,93646,301,3072,40
5/25/2020,93844,198,3130,58
5/26/2020,94711,867,3230,100
5/27/2020,95405,694,3337,107
5/28/2020,96051,646,3456,119
5/29/2020,96584,533,3550,94
5/30/2020,96854,270,3586,36
5/31/2020,97016,162,3621,35
6/1/2020,97524,508,3686,65
6/2/2020,97971,447,3737,51
6/3/2020,98433,462,3812,75
6/4/2020,98816,383,3864,52
6/5/2020,99155,339,3956,92
6/6/2020,99304,149,3988,32
6/7/2020,99455,151,4008,20
6/8/2020,99810,355,4079,71
6/9/2020,100155,345,4159,80
6/10/2020,100412,257,4260,101
6/11/2020,100641,229,4339,79
6/12/2020,100898,257,4391,52
6/13/2020,100996,98,4410,19
6/14/2020,101073,77,4437,27
6/15/2020,101308,235,4513,76
6/16/2020,101508,200,4573,60
6/17/2020,101756,248,4662,89
6/18/2020,101998,242,4732,70
6/19/2020,102174,176,4791,59
6/20/2020,102267,93,4811,20
6/21/2020,102346,79,4826,15
6/22/2020,102575,229,4894,68
6/23/2020,102763,188,4981,87
6/24/2020,102974,211,5049,68
6/25/2020,103180,206,5128,79
6/26/2020,103380,200,5205,77
6/27/2020,103515,135,5225,20
6/28/2020,103584,69,5245,20
6/29/2020,103785,201,5314,69
6/30/2020,104002,217,5411,97
7/1/2020,104221,219,5521,110
7/2/2020,104445,224,5623,102
7/3/2020,104543,98,5681,58
7/4/2020,104605,62,5696,15
7/5/2020,104706,101,5730,34
7/6/2020,104947,241,5796,66
7/7/2020,105187,240,5900,104
7/8/2020,105402,215,5977,77
7/9/2020,105652,250,6069,92
7/10/2020,105878,226,6203,134
7/11/2020,105993,115,6245,42
7/12/2020,106083,90,6284,39
7/13/2020,106344,261,6396,112
7/14/2020,106568,224,6468,72
7/15/2020,106854,286,6558,90
7/16/2020,107064,210,6648,90
7/17/2020,107245,181,6768,120
7/18/2020,107362,117,6839,71
7/19/2020,107425,63,6884,45
7/20/2020,107657,232,6950,66
7/21/2020,107837,180,7062,112
7/22/2020,108029,192,7110,48
7/23/2020,108196,167,7192,82
7/24/2020,108311,115,7233,41
7/25/2020,108380,69,7256,23
7/26/2020,108380,0,7257,1
