Date,Molecular Total,Molecular New,Molecular Positive New,Molecular Missing,Serology Total,Serology New,Serology Positive New,First Molecular Test per person,Repeat Molecular Tests
1/22/2020,1,1,0,,0,0,0,1,0
1/23/2020,2,1,0,,0,0,0,1,0
1/24/2020,2,0,0,,0,0,0,0,0
1/25/2020,2,0,0,,0,0,0,0,0
1/26/2020,2,0,0,,0,0,0,0,0
1/27/2020,3,1,0,,0,0,0,1,0
1/28/2020,3,0,0,,0,0,0,0,0
1/29/2020,4,1,1,,0,0,0,1,0
1/30/2020,4,0,0,,0,0,0,0,0
1/31/2020,4,0,0,,0,0,0,0,0
2/1/2020,4,0,0,,0,0,0,0,0
2/2/2020,4,0,0,,0,0,0,0,0
2/3/2020,7,3,0,,0,0,0,3,0
2/4/2020,9,2,0,,0,0,0,2,0
2/5/2020,9,0,0,,0,0,0,0,0
2/6/2020,10,1,1,,0,0,0,1,0
2/7/2020,10,0,0,,0,0,0,0,0
2/8/2020,11,1,0,,0,0,0,1,0
2/9/2020,11,0,0,,0,0,0,0,0
2/10/2020,11,0,0,,0,0,0,0,1
2/11/2020,11,0,0,,0,0,0,0,0
2/12/2020,11,0,0,,0,0,0,1,0
2/13/2020,11,0,0,,0,0,0,0,0
2/14/2020,11,0,0,,0,0,0,0,0
2/15/2020,11,0,0,,0,0,0,0,0
2/16/2020,11,0,0,,0,0,0,0,0
2/17/2020,11,0,0,,0,0,0,0,0
2/18/2020,11,0,0,,0,0,0,0,0
2/19/2020,11,0,0,,0,0,0,0,0
2/20/2020,11,0,0,,0,0,0,0,1
2/21/2020,11,0,0,,0,0,0,0,0
2/22/2020,11,0,0,,0,0,0,0,0
2/23/2020,11,0,0,,0,0,0,0,0
2/24/2020,11,0,0,,1,1,0,0,2
2/25/2020,11,0,0,,1,0,0,0,0
2/26/2020,11,0,0,,1,0,0,0,0
2/27/2020,11,0,0,,1,0,0,0,0
2/28/2020,12,1,0,,1,0,0,0,2
2/29/2020,13,1,0,,1,0,0,1,0
3/1/2020,15,2,1,,1,0,0,2,2
3/2/2020,18,3,0,,1,0,0,3,3
3/3/2020,32,14,1,,2,1,0,14,1
3/4/2020,51,19,2,,2,0,0,19,3
3/5/2020,83,32,8,,2,0,0,33,3
3/6/2020,121,38,14,,2,0,0,42,7
3/7/2020,205,84,44,,2,0,0,86,14
3/8/2020,259,54,19,,2,0,0,53,7
3/9/2020,331,72,5,,2,0,0,76,5
3/10/2020,435,104,14,,2,0,0,103,6
3/11/2020,608,173,22,,2,0,0,176,6
3/12/2020,1026,418,29,,2,0,0,426,7
3/13/2020,1964,938,61,,2,0,0,971,14
3/14/2020,2863,899,73,,2,0,0,920,15
3/15/2020,3892,1029,68,,2,0,0,1057,27
3/16/2020,6036,2144,150,,2,0,0,2217,18
3/17/2020,8715,2679,249,,2,0,0,2762,28
3/18/2020,11694,2979,259,,2,0,0,3069,157
3/19/2020,14595,2901,278,,2,0,0,2996,142
3/20/2020,18237,3642,388,,2,0,0,3752,124
3/21/2020,20769,2532,321,,2,0,0,2603,168
3/22/2020,22664,1895,286,,2,0,0,1944,158
3/23/2020,26449,3785,609,,2,0,0,3895,202
3/24/2020,30440,3991,718,,2,0,0,4114,207
3/25/2020,34540,4100,746,,2,0,0,4215,269
3/26/2020,38956,4416,936,,2,0,0,4538,299
3/27/2020,43320,4364,943,,2,0,0,4473,342
3/28/2020,46120,2800,655,,2,0,0,2871,332
3/29/2020,48188,2068,523,,2,0,0,2155,318
3/30/2020,53237,5049,1238,,2,0,0,5167,416
3/31/2020,58472,5235,1265,,2,0,0,5458,472
4/1/2020,63393,4921,1337,,2,0,0,5113,463
4/2/2020,68607,5214,1278,,5,3,1,5408,597
4/3/2020,74341,5734,1480,,5,0,0,5948,629
4/4/2020,78325,3984,1163,,9,4,1,4060,690
4/5/2020,81742,3417,977,,9,0,0,3574,539
4/6/2020,88398,6656,1931,,13,4,0,6835,779
4/7/2020,94952,6554,2022,,17,4,0,6671,963
4/8/2020,101749,6797,1863,,19,2,0,6998,969
4/9/2020,108178,6429,1978,,41,22,2,6762,1034
4/10/2020,115757,7579,2054,,42,1,1,7797,1055
4/11/2020,120115,4358,1297,,43,1,0,4501,805
4/12/2020,123139,3024,929,,46,3,2,3095,707
4/13/2020,129402,6263,2002,,54,8,0,6358,1126
4/14/2020,139143,9741,2871,,62,8,2,9862,1483
4/15/2020,149055,9912,2599,,72,10,2,10204,1454
4/16/2020,157963,8908,2389,,93,21,0,8994,1712
4/17/2020,169048,11085,3007,,173,80,5,11454,1756
4/18/2020,175083,6035,1481,,181,8,3,6363,1119
4/19/2020,179669,4586,1090,,191,10,1,4665,931
4/20/2020,190439,10770,2695,,255,64,6,11070,1902
4/21/2020,199891,9452,2194,,331,76,11,9713,2112
4/22/2020,212361,12470,2715,,478,147,17,12756,2642
4/23/2020,223145,10784,2407,,952,474,31,10885,2540
4/24/2020,235491,12346,2283,,1850,898,82,12387,2504
4/25/2020,243723,8232,1496,,2337,487,25,8435,1829
4/26/2020,248608,4885,847,,2792,455,36,4800,1407
4/27/2020,259578,10970,2130,,3935,1143,79,10867,2928
4/28/2020,271837,12259,2107,,5358,1423,83,12287,2990
4/29/2020,284465,12628,2190,,7067,1709,105,12598,2920
4/30/2020,298209,13744,2048,,8445,1378,116,13748,3132
5/1/2020,312301,14092,2084,,10222,1777,130,14013,3280
5/2/2020,319561,7260,1031,,10816,594,57,7332,1865
5/3/2020,324653,5092,734,,11220,404,42,5044,1418
5/4/2020,336735,12082,1881,,13241,2021,162,11934,3511
5/5/2020,349368,12633,1738,,15218,1977,157,12458,3558
5/6/2020,362665,13297,1700,,17198,1980,184,13083,3602
5/7/2020,376139,13474,1683,,19266,2068,173,13441,3652
5/8/2020,389443,13304,1460,,21152,1886,136,13250,3693
5/9/2020,395270,5827,684,,21781,629,38,5717,1971
5/10/2020,398430,3160,386,,22135,354,77,3083,1475
5/11/2020,410263,11833,1311,,23978,1843,162,11634,4008
5/12/2020,423572,13309,1455,,25851,1873,148,13093,4266
5/13/2020,437554,13982,1321,,27597,1746,178,13790,4132
5/14/2020,450979,13425,1316,,29228,1631,165,13211,4172
5/15/2020,464774,13795,1108,,30843,1615,141,13592,4176
5/16/2020,471885,7111,650,,31379,536,51,6986,2342
5/17/2020,476176,4291,363,115,31738,359,54,4230,1620
5/18/2020,489546,13370,1317,1,33366,1628,137,13144,4391
5/19/2020,501936,12390,1080,0,35071,1705,164,12233,4463
5/20/2020,514813,12877,1022,0,36929,1858,149,12647,4287
5/21/2020,526613,11800,978,0,38629,1700,193,11606,4401
5/22/2020,537647,11034,866,0,40267,1638,158,10854,3932
5/23/2020,542612,4965,390,0,40685,418,41,4894,1814
5/24/2020,546695,4083,301,0,40997,312,41,4012,1529
5/25/2020,549801,3106,198,0,41325,328,49,3071,1485
5/26/2020,561044,11243,867,0,42838,1513,130,11085,4353
5/27/2020,571250,10206,694,0,44274,1436,152,10076,3867
5/28/2020,580673,9423,646,0,45562,1288,176,9288,3578
5/29/2020,590768,10095,533,0,46880,1318,138,9973,3504
5/30/2020,596562,5794,270,0,47139,259,34,5747,1806
5/31/2020,600269,3707,162,0,47324,185,38,3662,1400
6/1/2020,609783,9514,508,0,48462,1138,164,9398,3493
6/2/2020,619256,9473,447,0,49559,1097,88,9372,3703
6/3/2020,628819,9563,462,0,50722,1163,129,9421,3690
6/4/2020,637429,8610,383,0,51782,1060,90,8511,3515
6/5/2020,645949,8520,339,0,52984,1202,149,8443,3081
6/6/2020,650529,4580,149,0,53271,287,33,4564,1700
6/7/2020,654087,3558,151,0,53444,173,24,3514,1461
6/8/2020,664794,10707,355,0,54449,1005,100,10653,3289
6/9/2020,675831,11037,345,0,55613,1164,109,10935,3419
6/10/2020,686140,10309,257,0,56804,1191,136,10262,3198
6/11/2020,696492,10352,229,0,58031,1227,105,10299,2800
6/12/2020,706614,10122,257,0,59265,1234,85,10061,2999
6/13/2020,711454,4840,98,0,59491,226,21,4820,1670
6/14/2020,715210,3756,77,0,59664,173,25,3734,1355
6/15/2020,726060,10850,235,0,60832,1168,114,10795,3427
6/16/2020,736560,10500,200,0,62025,1193,86,10453,3327
6/17/2020,751095,14535,248,0,63246,1221,115,14501,3433
6/18/2020,765332,14237,242,0,64608,1362,90,14189,3182
6/19/2020,774276,8944,176,0,65732,1124,84,8903,2783
6/20/2020,779749,5473,93,0,65996,264,16,5461,1852
6/21/2020,783635,3886,79,0,66137,141,16,3875,1352
6/22/2020,793819,10184,229,0,67239,1102,97,10139,3562
6/23/2020,804460,10641,188,0,68525,1286,129,10612,3554
6/24/2020,815200,10740,211,0,69837,1312,99,10693,3388
6/25/2020,824790,9590,206,0,71033,1196,108,9547,3117
6/26/2020,835042,10252,200,0,72275,1242,104,10242,3025
6/27/2020,841165,6123,135,0,72515,240,18,6098,1825
6/28/2020,845873,4708,69,0,72733,218,19,4708,1615
6/29/2020,858165,12292,201,0,73857,1124,100,12270,3927
6/30/2020,870606,12441,217,0,75076,1219,111,12384,3788
7/1/2020,881544,10938,219,0,76168,1092,102,10913,3642
7/2/2020,891858,10314,224,0,77271,1103,119,10298,3632
7/3/2020,897955,6097,98,0,77698,427,61,6086,2301
7/4/2020,900927,2972,62,0,77813,115,9,2962,1316
7/5/2020,905808,4881,101,0,77931,118,23,4864,1869
7/6/2020,918462,12654,241,0,78838,907,94,12608,4464
7/7/2020,933398,14936,240,0,79893,1055,115,14886,4825
7/8/2020,947788,14390,215,0,80828,935,87,14355,5138
7/9/2020,960618,12830,250,0,81783,955,115,12769,4902
7/10/2020,973692,13074,226,0,82914,1131,141,13045,5036
7/11/2020,981152,7460,115,0,83196,282,34,7437,2677
7/12/2020,986242,5090,90,0,83376,180,32,5074,1876
7/13/2020,1000947,14705,261,0,84414,1038,114,14648,5191
7/14/2020,1015963,15016,224,0,85382,968,89,14973,5747
7/15/2020,1030913,14950,286,0,86293,911,103,14911,5567
7/16/2020,1042507,11594,210,0,87201,908,106,11515,4720
7/17/2020,1053481,10974,181,0,88159,958,141,10924,4570
7/18/2020,1060884,7403,117,0,88435,276,61,7375,2697
7/19/2020,1066095,5211,63,0,88549,114,23,5199,1973
7/20/2020,1077098,11003,232,0,89439,890,71,10941,4241
7/21/2020,1088045,10947,180,0,90367,928,106,10914,4333
7/22/2020,1097749,9704,192,0,91213,846,57,9667,4017
7/23/2020,1105689,7940,167,0,91935,722,61,7898,4654
7/24/2020,1110590,4901,115,0,92437,502,42,4879,2542
7/25/2020,1113482,2892,69,0,92459,22,1,2878,1689
7/26/2020,1113502,20,0,0,92459,0,0,20,12
