Date,Molecular Total,Molecular New,Molecular Positive New,Molecular Missing,Serology Total,Serology New,Serology Positive New,First Molecular Test per person,Repeat Molecular Tests
1/22/2020,1,1,0,,0,0,0,1,0
1/23/2020,2,1,0,,0,0,0,1,0
1/24/2020,2,0,0,,0,0,0,0,0
1/25/2020,2,0,0,,0,0,0,0,0
1/26/2020,2,0,0,,0,0,0,0,0
1/27/2020,3,1,0,,0,0,0,1,0
1/28/2020,3,0,0,,0,0,0,0,0
1/29/2020,4,1,1,,0,0,0,1,0
1/30/2020,4,0,0,,0,0,0,0,0
1/31/2020,4,0,0,,0,0,0,0,0
2/1/2020,4,0,0,,0,0,0,0,0
2/2/2020,4,0,0,,0,0,0,0,0
2/3/2020,7,3,0,,0,0,0,3,0
2/4/2020,9,2,0,,0,0,0,2,0
2/5/2020,9,0,0,,0,0,0,0,0
2/6/2020,10,1,1,,0,0,0,1,0
2/7/2020,10,0,0,,0,0,0,0,0
2/8/2020,11,1,0,,0,0,0,1,0
2/9/2020,11,0,0,,0,0,0,0,0
2/10/2020,11,0,0,,0,0,0,0,1
2/11/2020,11,0,0,,0,0,0,0,0
2/12/2020,11,0,0,,0,0,0,1,0
2/13/2020,11,0,0,,0,0,0,0,0
2/14/2020,11,0,0,,0,0,0,0,0
2/15/2020,11,0,0,,0,0,0,0,0
2/16/2020,11,0,0,,0,0,0,0,0
2/17/2020,11,0,0,,0,0,0,0,0
2/18/2020,11,0,0,,0,0,0,0,0
2/19/2020,11,0,0,,0,0,0,0,0
2/20/2020,11,0,0,,0,0,0,0,1
2/21/2020,11,0,0,,0,0,0,0,0
2/22/2020,11,0,0,,0,0,0,0,0
2/23/2020,11,0,0,,0,0,0,0,0
2/24/2020,11,0,0,,1,1,0,0,2
2/25/2020,11,0,0,,1,0,0,0,0
2/26/2020,11,0,0,,1,0,0,0,0
2/27/2020,11,0,0,,1,0,0,0,0
2/28/2020,12,1,0,,1,0,0,0,2
2/29/2020,13,1,0,,1,0,0,1,0
3/1/2020,15,2,1,,1,0,0,2,2
3/2/2020,18,3,0,,1,0,0,3,3
3/3/2020,32,14,1,,2,1,0,14,1
3/4/2020,51,19,2,,2,0,0,19,3
3/5/2020,83,32,8,,2,0,0,33,3
3/6/2020,121,38,14,,2,0,0,42,7
3/7/2020,205,84,44,,2,0,0,86,14
3/8/2020,259,54,19,,2,0,0,53,7
3/9/2020,331,72,5,,2,0,0,76,5
3/10/2020,435,104,14,,2,0,0,103,6
3/11/2020,608,173,22,,2,0,0,176,6
3/12/2020,1026,418,29,,2,0,0,426,7
3/13/2020,1963,937,61,,2,0,0,971,14
3/14/2020,2862,899,73,,2,0,0,920,15
3/15/2020,3890,1028,68,,2,0,0,1057,27
3/16/2020,6032,2142,150,,2,0,0,2217,18
3/17/2020,8709,2677,249,,2,0,0,2762,28
3/18/2020,11687,2978,259,,2,0,0,3069,157
3/19/2020,14587,2900,278,,2,0,0,2996,142
3/20/2020,18226,3639,388,,2,0,0,3751,124
3/21/2020,20757,2531,321,,2,0,0,2603,168
3/22/2020,22652,1895,286,,2,0,0,1944,158
3/23/2020,26435,3783,609,,2,0,0,3895,202
3/24/2020,30425,3990,718,,2,0,0,4114,207
3/25/2020,34523,4098,746,,2,0,0,4215,269
3/26/2020,38939,4416,936,,2,0,0,4538,299
3/27/2020,43301,4362,943,,2,0,0,4473,342
3/28/2020,46100,2799,654,,2,0,0,2870,332
3/29/2020,48168,2068,523,,2,0,0,2155,318
3/30/2020,53216,5048,1238,,2,0,0,5167,416
3/31/2020,58452,5236,1266,,2,0,0,5459,472
4/1/2020,63373,4921,1337,,2,0,0,5113,463
4/2/2020,68585,5212,1278,,5,3,1,5407,597
4/3/2020,74311,5726,1480,,5,0,0,5939,629
4/4/2020,78289,3978,1163,,9,4,1,4058,690
4/5/2020,81701,3412,977,,9,0,0,3570,539
4/6/2020,88351,6650,1932,,13,4,0,6829,783
4/7/2020,94893,6542,2022,,17,4,0,6666,966
4/8/2020,101679,6786,1863,,19,2,0,6989,976
4/9/2020,108098,6419,1978,,41,22,2,6758,1038
4/10/2020,115667,7569,2054,,42,1,1,7794,1058
4/11/2020,120021,4354,1297,,43,1,0,4500,806
4/12/2020,123042,3021,929,,46,3,2,3095,707
4/13/2020,129297,6255,2002,,54,8,0,6351,1130
4/14/2020,139027,9730,2871,,62,8,2,9854,1491
4/15/2020,148918,9891,2599,,72,10,2,10193,1460
4/16/2020,157812,8894,2389,,93,21,0,8989,1717
4/17/2020,168875,11063,3006,,173,80,5,11438,1769
4/18/2020,174884,6009,1481,,181,8,3,6340,1139
4/19/2020,179464,4580,1089,,191,10,1,4661,935
4/20/2020,190208,10744,2693,,255,64,6,11055,1914
4/21/2020,199647,9439,2192,,331,76,11,9704,2120
4/22/2020,212097,12450,2715,,478,147,17,12747,2651
4/23/2020,222864,10767,2408,,951,473,31,10878,2548
4/24/2020,235211,12347,2283,,1849,898,82,12391,2513
4/25/2020,243426,8215,1496,,2336,487,25,8429,1837
4/26/2020,248307,4881,847,,2791,455,36,4797,1410
4/27/2020,259258,10951,2130,,3933,1142,79,10856,2940
4/28/2020,271505,12247,2107,,5355,1422,83,12278,2997
4/29/2020,284114,12609,2190,,7063,1708,105,12586,2931
4/30/2020,297846,13732,2048,,8441,1378,116,13738,3138
5/1/2020,311919,14073,2084,,10218,1777,130,14001,3291
5/2/2020,319162,7243,1031,,10812,594,57,7318,1879
5/3/2020,324248,5086,735,,11216,404,42,5038,1423
5/4/2020,336310,12062,1881,,13236,2020,162,11920,3524
5/5/2020,348923,12613,1738,,15213,1977,157,12448,3568
5/6/2020,362198,13275,1700,,17193,1980,184,13072,3613
5/7/2020,375657,13459,1683,,19260,2067,173,13431,3662
5/8/2020,388941,13284,1460,,21145,1885,136,13236,3707
5/9/2020,394761,5820,684,,21773,628,38,5713,1975
5/10/2020,397920,3159,386,,22127,354,77,3082,1476
5/11/2020,409732,11812,1311,,23970,1843,162,11623,4018
5/12/2020,423017,13285,1456,,25843,1873,148,13080,4278
5/13/2020,436978,13961,1320,,27589,1746,178,13777,4144
5/14/2020,450373,13395,1316,,29220,1631,165,13191,4190
5/15/2020,464153,13780,1108,,30836,1616,141,13585,4185
5/16/2020,471254,7101,650,,31371,535,51,6981,2346
5/17/2020,475542,4288,363,115,31729,358,54,4227,1622
5/18/2020,488894,13352,1317,1,33357,1628,137,13135,4399
5/19/2020,501258,12364,1080,0,35062,1705,164,12217,4480
5/20/2020,514118,12860,1022,0,36923,1861,149,12639,4293
5/21/2020,525898,11780,978,0,38628,1705,193,11587,4416
5/22/2020,536922,11024,866,0,40272,1644,158,10850,3936
5/23/2020,541883,4961,390,0,40691,419,41,4894,1815
5/24/2020,545963,4080,301,0,41005,314,41,4011,1532
5/25/2020,549062,3099,198,0,41333,328,49,3068,1488
5/26/2020,560294,11232,867,0,42853,1520,130,11081,4356
5/27/2020,570490,10196,694,0,44290,1437,152,10073,3870
5/28/2020,579904,9414,646,0,45582,1292,176,9284,3582
5/29/2020,589994,10090,533,0,46903,1321,138,9969,3508
5/30/2020,595787,5793,270,0,47165,262,34,5744,1811
5/31/2020,599493,3706,162,0,47351,186,38,3662,1400
6/1/2020,609001,9508,508,0,48495,1144,165,9394,3499
6/2/2020,618469,9468,447,0,49593,1098,88,9369,3706
6/3/2020,628028,9559,462,0,50751,1158,123,9418,3693
6/4/2020,636627,8599,383,0,51814,1063,90,8503,3522
6/5/2020,645145,8518,339,0,53019,1205,150,8442,3082
6/6/2020,649721,4576,149,0,53306,287,33,4562,1703
6/7/2020,653275,3554,151,0,53479,173,24,3512,1463
6/8/2020,663976,10701,355,0,54484,1005,100,10649,3296
6/9/2020,674994,11018,344,0,55647,1163,109,10919,3433
6/10/2020,685282,10288,257,0,56839,1192,137,10243,3202
6/11/2020,695604,10322,229,0,58066,1227,105,10273,2812
6/12/2020,705689,10085,257,0,59300,1234,85,10027,2998
6/13/2020,710492,4803,98,0,59526,226,21,4785,1663
6/14/2020,714218,3726,77,0,59699,173,25,3704,1351
6/15/2020,724996,10778,235,0,60868,1169,114,10729,3427
6/16/2020,735449,10453,200,0,62062,1194,87,10406,3323
6/17/2020,749946,14497,248,0,63284,1222,115,14468,3435
6/18/2020,764150,14204,241,0,64647,1363,90,14162,3183
6/19/2020,773046,8896,176,0,65768,1121,82,8862,2777
6/20/2020,778445,5399,93,0,66033,265,16,5388,1841
6/21/2020,782328,3883,79,0,66175,142,16,3873,1354
6/22/2020,792437,10109,228,0,67277,1102,97,10067,3559
6/23/2020,803004,10567,190,0,68566,1289,129,10547,3551
6/24/2020,813684,10680,211,0,69880,1314,99,10636,3381
6/25/2020,823254,9570,206,0,71076,1196,108,9529,3118
6/26/2020,833475,10221,201,0,72321,1245,104,10216,3024
6/27/2020,839543,6068,134,0,72562,241,19,6046,1812
6/28/2020,844209,4666,70,0,72779,217,19,4670,1603
6/29/2020,856435,12226,201,0,73904,1125,100,12211,3929
6/30/2020,868836,12401,220,0,75127,1223,111,12346,3785
7/1/2020,879742,10906,218,0,76221,1094,103,10887,3642
7/2/2020,890038,10296,224,0,77329,1108,119,10283,3637
7/3/2020,896099,6061,97,0,77758,429,61,6053,2300
7/4/2020,899070,2971,62,0,77873,115,9,2961,1317
7/5/2020,903899,4829,100,0,77991,118,23,4812,1860
7/6/2020,916486,12587,240,0,78908,917,94,12547,4451
7/7/2020,931414,14928,241,0,79972,1064,117,14884,4830
7/8/2020,945797,14383,215,0,80918,946,89,14352,5150
7/9/2020,958629,12832,252,0,81888,970,116,12773,4913
7/10/2020,971696,13067,228,0,83039,1151,143,13048,5047
7/11/2020,979154,7458,117,0,83327,288,34,7438,2679
7/12/2020,984245,5091,89,0,83511,184,32,5076,1888
7/13/2020,998984,14739,266,0,84566,1055,116,14682,5220
7/14/2020,1014068,15084,231,0,85550,984,91,15048,5763
7/15/2020,1029187,15119,302,0,86485,935,104,15085,5639
7/16/2020,1041621,12434,245,0,87414,929,108,12363,4988
7/17/2020,1054402,12781,223,0,88390,976,142,12729,5066
7/18/2020,1062435,8033,130,0,88674,284,62,8007,2822
7/19/2020,1067887,5452,72,0,88793,119,24,5443,2019
7/20/2020,1080618,12731,284,0,89703,910,75,12664,4593
7/21/2020,1094865,14247,259,0,90694,991,114,14213,5190
7/22/2020,1107925,13060,259,0,91648,954,119,13010,5057
7/23/2020,1121451,13526,253,0,92537,889,150,13469,6152
7/24/2020,1133644,12193,259,0,93319,782,108,12142,4823
7/25/2020,1141493,7849,156,0,93450,131,6,7825,3219
7/26/2020,1146451,4958,99,0,93544,94,7,4927,2142
7/27/2020,1161215,14764,338,0,94495,951,147,14661,5793
7/28/2020,1176724,15509,292,0,95354,859,123,15422,7326
7/29/2020,1188253,11529,243,0,96187,833,119,11446,5723
7/30/2020,1197834,9581,248,0,96817,630,71,9505,5375
7/31/2020,1204973,7139,155,0,97279,462,46,7104,3841
8/1/2020,1206486,1513,29,0,97293,14,3,1506,878
8/2/2020,1206512,26,2,0,97293,0,0,26,18
