Date,Positive Total,Positive New,Probable Total,Probable New
1/29/2020,1,1,0,0
1/30/2020,1,0,0,0
1/31/2020,1,0,0,0
2/1/2020,1,0,0,0
2/2/2020,1,0,0,0
2/3/2020,1,0,0,0
2/4/2020,1,0,0,0
2/5/2020,1,0,0,0
2/6/2020,2,1,0,0
2/7/2020,2,0,0,0
2/8/2020,2,0,0,0
2/9/2020,2,0,0,0
2/10/2020,2,0,0,0
2/11/2020,2,0,0,0
2/12/2020,2,0,0,0
2/13/2020,2,0,0,0
2/14/2020,2,0,0,0
2/15/2020,2,0,0,0
2/16/2020,2,0,0,0
2/17/2020,2,0,0,0
2/18/2020,2,0,0,0
2/19/2020,2,0,0,0
2/20/2020,2,0,0,0
2/21/2020,2,0,0,0
2/22/2020,2,0,0,0
2/23/2020,2,0,0,0
2/24/2020,2,0,0,0
2/25/2020,2,0,0,0
2/26/2020,2,0,0,0
2/27/2020,2,0,0,0
2/28/2020,2,0,0,0
2/29/2020,2,0,0,0
3/1/2020,3,1,3,3
3/2/2020,3,0,5,2
3/3/2020,4,1,8,3
3/4/2020,6,2,9,1
3/5/2020,14,8,12,3
3/6/2020,28,14,12,0
3/7/2020,72,44,15,3
3/8/2020,91,19,20,5
3/9/2020,96,5,24,4
3/10/2020,110,14,30,6
3/11/2020,132,22,35,5
3/12/2020,161,29,39,4
3/13/2020,222,61,44,5
3/14/2020,295,73,48,4
3/15/2020,363,68,54,6
3/16/2020,513,150,57,3
3/17/2020,762,249,65,8
3/18/2020,1021,259,72,7
3/19/2020,1299,278,78,6
3/20/2020,1687,388,89,11
3/21/2020,2008,321,98,9
3/22/2020,2294,286,102,4
3/23/2020,2903,609,114,12
3/24/2020,3621,718,125,11
3/25/2020,4367,746,136,11
3/26/2020,5303,936,141,5
3/27/2020,6246,943,149,8
3/28/2020,6900,654,157,8
3/29/2020,7423,523,162,5
3/30/2020,8660,1237,164,2
3/31/2020,9926,1266,169,5
4/1/2020,11263,1337,174,5
4/2/2020,12541,1278,180,6
4/3/2020,14021,1480,188,8
4/4/2020,15184,1163,194,6
4/5/2020,16161,977,202,8
4/6/2020,18093,1932,208,6
4/7/2020,20115,2022,217,9
4/8/2020,21978,1863,226,9
4/9/2020,23956,1978,237,11
4/10/2020,26010,2054,245,8
4/11/2020,27307,1297,253,8
4/12/2020,28236,929,266,13
4/13/2020,30238,2002,272,6
4/14/2020,33109,2871,277,5
4/15/2020,35708,2599,291,14
4/16/2020,38097,2389,299,8
4/17/2020,41104,3007,317,18
4/18/2020,42585,1481,324,7
4/19/2020,43675,1090,328,4
4/20/2020,46369,2694,341,13
4/21/2020,48563,2194,359,18
4/22/2020,51279,2716,389,30
4/23/2020,53686,2407,416,27
4/24/2020,55969,2283,481,65
4/25/2020,57465,1496,503,22
4/26/2020,58312,847,533,30
4/27/2020,60442,2130,604,71
4/28/2020,62549,2107,667,63
4/29/2020,64739,2190,750,83
4/30/2020,66787,2048,851,101
5/1/2020,68871,2084,946,95
5/2/2020,69902,1031,1004,58
5/3/2020,70637,735,1038,34
5/4/2020,72518,1881,1174,136
5/5/2020,74256,1738,1302,128
5/6/2020,75956,1700,1443,141
5/7/2020,77639,1683,1566,123
5/8/2020,79099,1460,1660,94
5/9/2020,79782,683,1693,33
5/10/2020,80168,386,1755,62
5/11/2020,81479,1311,1866,111
5/12/2020,82935,1456,1986,120
5/13/2020,84256,1321,2117,131
5/14/2020,85572,1316,2244,127
5/15/2020,86680,1108,2339,95
5/16/2020,87330,650,2377,38
5/17/2020,87693,363,2425,48
5/18/2020,89010,1317,2526,101
5/19/2020,90090,1080,2647,121
5/20/2020,91112,1022,2753,106
5/21/2020,92090,978,2893,140
5/22/2020,92956,866,3003,110
5/23/2020,93346,390,3041,38
5/24/2020,93647,301,3081,40
5/25/2020,93845,198,3139,58
5/26/2020,94712,867,3239,100
5/27/2020,95406,694,3346,107
5/28/2020,96052,646,3465,119
5/29/2020,96585,533,3559,94
5/30/2020,96855,270,3596,37
5/31/2020,97017,162,3631,35
6/1/2020,97525,508,3696,65
6/2/2020,97972,447,3747,51
6/3/2020,98434,462,3823,76
6/4/2020,98817,383,3875,52
6/5/2020,99156,339,3967,92
6/6/2020,99305,149,3999,32
6/7/2020,99456,151,4019,20
6/8/2020,99811,355,4090,71
6/9/2020,100156,345,4170,80
6/10/2020,100413,257,4272,102
6/11/2020,100642,229,4351,79
6/12/2020,100899,257,4403,52
6/13/2020,100997,98,4422,19
6/14/2020,101074,77,4449,27
6/15/2020,101309,235,4525,76
6/16/2020,101509,200,4585,60
6/17/2020,101757,248,4673,88
6/18/2020,101999,242,4743,70
6/19/2020,102175,176,4800,57
6/20/2020,102268,93,4820,20
6/21/2020,102347,79,4835,15
6/22/2020,102576,229,4903,68
6/23/2020,102765,189,4990,87
6/24/2020,102976,211,5058,68
6/25/2020,103182,206,5137,79
6/26/2020,103382,200,5214,77
6/27/2020,103516,134,5234,20
6/28/2020,103586,70,5254,20
6/29/2020,103788,202,5323,69
6/30/2020,104005,217,5420,97
7/1/2020,104223,218,5530,110
7/2/2020,104447,224,5632,102
7/3/2020,104545,98,5690,58
7/4/2020,104607,62,5705,15
7/5/2020,104708,101,5739,34
7/6/2020,104949,241,5805,66
7/7/2020,105189,240,5909,104
7/8/2020,105404,215,5987,78
7/9/2020,105656,252,6081,94
7/10/2020,105884,228,6215,134
7/11/2020,106001,117,6257,42
7/12/2020,106090,89,6298,41
7/13/2020,106355,265,6412,114
7/14/2020,106582,227,6485,73
7/15/2020,106880,298,6576,91
7/16/2020,107112,232,6668,92
7/17/2020,107311,199,6787,119
7/18/2020,107431,120,6857,70
7/19/2020,107495,64,6903,46
7/20/2020,107728,233,6972,69
7/21/2020,107915,187,7089,117
7/22/2020,108121,206,7190,101
7/23/2020,108303,182,7312,122
7/24/2020,108492,189,7361,49
7/25/2020,108623,131,7379,18
7/26/2020,108693,70,7408,29
7/27/2020,108739,46,7442,34
7/28/2020,108740,1,7442,0
