Date,Positive Total,Positive New,Probable Total,Probable New
1/29/2020,1,1,0,0
1/30/2020,1,0,0,0
1/31/2020,1,0,0,0
2/1/2020,1,0,0,0
2/2/2020,1,0,0,0
2/3/2020,1,0,0,0
2/4/2020,1,0,0,0
2/5/2020,1,0,0,0
2/6/2020,2,1,0,0
2/7/2020,2,0,0,0
2/8/2020,2,0,0,0
2/9/2020,2,0,0,0
2/10/2020,2,0,0,0
2/11/2020,2,0,0,0
2/12/2020,2,0,0,0
2/13/2020,2,0,0,0
2/14/2020,2,0,0,0
2/15/2020,2,0,0,0
2/16/2020,2,0,0,0
2/17/2020,2,0,0,0
2/18/2020,2,0,0,0
2/19/2020,2,0,0,0
2/20/2020,2,0,0,0
2/21/2020,2,0,0,0
2/22/2020,2,0,0,0
2/23/2020,2,0,0,0
2/24/2020,2,0,0,0
2/25/2020,2,0,0,0
2/26/2020,2,0,0,0
2/27/2020,2,0,0,0
2/28/2020,2,0,0,0
2/29/2020,2,0,0,0
3/1/2020,3,1,3,3
3/2/2020,3,0,5,2
3/3/2020,4,1,8,3
3/4/2020,6,2,9,1
3/5/2020,14,8,12,3
3/6/2020,28,14,12,0
3/7/2020,72,44,15,3
3/8/2020,91,19,20,5
3/9/2020,96,5,24,4
3/10/2020,110,14,30,6
3/11/2020,132,22,35,5
3/12/2020,161,29,39,4
3/13/2020,222,61,45,6
3/14/2020,295,73,49,4
3/15/2020,363,68,55,6
3/16/2020,513,150,58,3
3/17/2020,762,249,66,8
3/18/2020,1021,259,73,7
3/19/2020,1299,278,79,6
3/20/2020,1687,388,90,11
3/21/2020,2008,321,99,9
3/22/2020,2294,286,103,4
3/23/2020,2903,609,114,11
3/24/2020,3621,718,125,11
3/25/2020,4367,746,136,11
3/26/2020,5303,936,141,5
3/27/2020,6246,943,148,7
3/28/2020,6900,654,156,8
3/29/2020,7423,523,161,5
3/30/2020,8661,1238,163,2
3/31/2020,9927,1266,168,5
4/1/2020,11264,1337,173,5
4/2/2020,12542,1278,179,6
4/3/2020,14022,1480,187,8
4/4/2020,15185,1163,193,6
4/5/2020,16162,977,202,9
4/6/2020,18094,1932,207,5
4/7/2020,20116,2022,216,9
4/8/2020,21979,1863,225,9
4/9/2020,23957,1978,236,11
4/10/2020,26011,2054,244,8
4/11/2020,27308,1297,251,7
4/12/2020,28237,929,264,13
4/13/2020,30239,2002,270,6
4/14/2020,33110,2871,275,5
4/15/2020,35709,2599,289,14
4/16/2020,38097,2388,297,8
4/17/2020,41103,3006,315,18
4/18/2020,42584,1481,322,7
4/19/2020,43674,1090,326,4
4/20/2020,46367,2693,339,13
4/21/2020,48559,2192,357,18
4/22/2020,51274,2715,387,30
4/23/2020,53682,2408,414,27
4/24/2020,55965,2283,479,65
4/25/2020,57461,1496,502,23
4/26/2020,58308,847,532,30
4/27/2020,60438,2130,603,71
4/28/2020,62545,2107,666,63
4/29/2020,64735,2190,749,83
4/30/2020,66783,2048,850,101
5/1/2020,68867,2084,945,95
5/2/2020,69898,1031,1003,58
5/3/2020,70633,735,1036,33
5/4/2020,72514,1881,1172,136
5/5/2020,74252,1738,1300,128
5/6/2020,75952,1700,1441,141
5/7/2020,77635,1683,1562,121
5/8/2020,79095,1460,1656,94
5/9/2020,79779,684,1689,33
5/10/2020,80165,386,1751,62
5/11/2020,81476,1311,1862,111
5/12/2020,82932,1456,1981,119
5/13/2020,84252,1320,2112,131
5/14/2020,85568,1316,2239,127
5/15/2020,86676,1108,2335,96
5/16/2020,87326,650,2373,38
5/17/2020,87689,363,2420,47
5/18/2020,89006,1317,2521,101
5/19/2020,90086,1080,2642,121
5/20/2020,91108,1022,2749,107
5/21/2020,92086,978,2889,140
5/22/2020,92952,866,2998,109
5/23/2020,93342,390,3035,37
5/24/2020,93643,301,3074,39
5/25/2020,93841,198,3131,57
5/26/2020,94708,867,3231,100
5/27/2020,95402,694,3338,107
5/28/2020,96048,646,3456,118
5/29/2020,96581,533,3549,93
5/30/2020,96851,270,3585,36
5/31/2020,97013,162,3619,34
6/1/2020,97521,508,3684,65
6/2/2020,97968,447,3735,51
6/3/2020,98430,462,3806,71
6/4/2020,98813,383,3858,52
6/5/2020,99152,339,3951,93
6/6/2020,99301,149,3983,32
6/7/2020,99452,151,4003,20
6/8/2020,99807,355,4074,71
6/9/2020,100151,344,4154,80
6/10/2020,100408,257,4258,104
6/11/2020,100637,229,4334,76
6/12/2020,100894,257,4386,52
6/13/2020,100992,98,4405,19
6/14/2020,101069,77,4432,27
6/15/2020,101304,235,4508,76
6/16/2020,101504,200,4568,60
6/17/2020,101752,248,4656,88
6/18/2020,101993,241,4726,70
6/19/2020,102169,176,4783,57
6/20/2020,102262,93,4802,19
6/21/2020,102341,79,4817,15
6/22/2020,102569,228,4885,68
6/23/2020,102759,190,4972,87
6/24/2020,102970,211,5040,68
6/25/2020,103176,206,5119,79
6/26/2020,103377,201,5196,77
6/27/2020,103511,134,5217,21
6/28/2020,103581,70,5237,20
6/29/2020,103782,201,5306,69
6/30/2020,104002,220,5403,97
7/1/2020,104220,218,5512,109
7/2/2020,104444,224,5614,102
7/3/2020,104541,97,5672,58
7/4/2020,104603,62,5685,13
7/5/2020,104703,100,5719,34
7/6/2020,104943,240,5785,66
7/7/2020,105184,241,5887,102
7/8/2020,105399,215,5966,79
7/9/2020,105651,252,6059,93
7/10/2020,105879,228,6194,135
7/11/2020,105995,116,6236,42
7/12/2020,106084,89,6277,41
7/13/2020,106351,267,6389,112
7/14/2020,106581,230,6463,74
7/15/2020,106880,299,6555,92
7/16/2020,107124,244,6646,91
7/17/2020,107346,222,6763,117
7/18/2020,107476,130,6834,71
7/19/2020,107548,72,6882,48
7/20/2020,107831,283,6953,71
7/21/2020,108085,254,7071,118
7/22/2020,108340,255,7179,108
7/23/2020,108586,246,7348,169
7/24/2020,108826,240,7452,104
7/25/2020,108968,142,7474,22
7/26/2020,109066,98,7515,41
7/27/2020,109390,324,7668,153
7/28/2020,109652,262,7779,111
7/29/2020,109863,211,7887,108
7/30/2020,110040,177,7913,26
7/31/2020,110076,36,7962,49
8/1/2020,110077,1,7963,1
