Date,Molecular Total,Molecular New,Molecular Positive New,Molecular Missing,Serology Total,Serology New,Serology Positive New,First Molecular Test per person,Repeat Molecular Tests
1/22/2020,1,1,0,,0,0,0,1,0
1/23/2020,2,1,0,,0,0,0,1,0
1/24/2020,2,0,0,,0,0,0,0,0
1/25/2020,2,0,0,,0,0,0,0,0
1/26/2020,2,0,0,,0,0,0,0,0
1/27/2020,3,1,0,,0,0,0,1,0
1/28/2020,3,0,0,,0,0,0,0,0
1/29/2020,4,1,1,,0,0,0,1,0
1/30/2020,4,0,0,,0,0,0,0,0
1/31/2020,4,0,0,,0,0,0,0,0
2/1/2020,4,0,0,,0,0,0,0,0
2/2/2020,4,0,0,,0,0,0,0,0
2/3/2020,7,3,0,,0,0,0,3,0
2/4/2020,9,2,0,,0,0,0,2,0
2/5/2020,9,0,0,,0,0,0,0,0
2/6/2020,10,1,1,,0,0,0,1,0
2/7/2020,10,0,0,,0,0,0,0,0
2/8/2020,11,1,0,,0,0,0,1,0
2/9/2020,11,0,0,,0,0,0,0,0
2/10/2020,11,0,0,,0,0,0,0,1
2/11/2020,11,0,0,,0,0,0,0,0
2/12/2020,11,0,0,,0,0,0,1,0
2/13/2020,11,0,0,,0,0,0,0,0
2/14/2020,11,0,0,,0,0,0,0,0
2/15/2020,11,0,0,,0,0,0,0,0
2/16/2020,11,0,0,,0,0,0,0,0
2/17/2020,11,0,0,,0,0,0,0,0
2/18/2020,11,0,0,,0,0,0,0,0
2/19/2020,11,0,0,,0,0,0,0,0
2/20/2020,11,0,0,,0,0,0,0,1
2/21/2020,11,0,0,,0,0,0,0,0
2/22/2020,11,0,0,,0,0,0,0,0
2/23/2020,11,0,0,,0,0,0,0,0
2/24/2020,11,0,0,,1,1,0,0,2
2/25/2020,11,0,0,,1,0,0,0,0
2/26/2020,11,0,0,,1,0,0,0,0
2/27/2020,11,0,0,,1,0,0,0,0
2/28/2020,12,1,0,,1,0,0,0,2
2/29/2020,13,1,0,,1,0,0,1,0
3/1/2020,15,2,1,,1,0,0,2,2
3/2/2020,18,3,0,,1,0,0,3,3
3/3/2020,32,14,1,,2,1,0,14,1
3/4/2020,51,19,2,,2,0,0,19,3
3/5/2020,83,32,8,,2,0,0,33,3
3/6/2020,121,38,14,,2,0,0,42,7
3/7/2020,205,84,44,,2,0,0,86,14
3/8/2020,259,54,19,,2,0,0,53,7
3/9/2020,331,72,5,,2,0,0,76,5
3/10/2020,435,104,14,,2,0,0,103,6
3/11/2020,608,173,22,,2,0,0,176,6
3/12/2020,1026,418,29,,2,0,0,426,7
3/13/2020,1963,937,61,,2,0,0,971,14
3/14/2020,2862,899,73,,2,0,0,920,15
3/15/2020,3890,1028,68,,2,0,0,1057,27
3/16/2020,6032,2142,150,,2,0,0,2217,18
3/17/2020,8710,2678,249,,2,0,0,2762,28
3/18/2020,11688,2978,259,,2,0,0,3069,157
3/19/2020,14588,2900,278,,2,0,0,2996,142
3/20/2020,18229,3641,388,,2,0,0,3752,124
3/21/2020,20760,2531,321,,2,0,0,2603,168
3/22/2020,22655,1895,286,,2,0,0,1944,158
3/23/2020,26438,3783,609,,2,0,0,3895,202
3/24/2020,30428,3990,718,,2,0,0,4114,207
3/25/2020,34526,4098,746,,2,0,0,4215,269
3/26/2020,38942,4416,936,,2,0,0,4538,299
3/27/2020,43304,4362,943,,2,0,0,4473,342
3/28/2020,46103,2799,654,,2,0,0,2870,332
3/29/2020,48171,2068,523,,2,0,0,2155,318
3/30/2020,53219,5048,1238,,2,0,0,5167,416
3/31/2020,58455,5236,1266,,2,0,0,5459,472
4/1/2020,63376,4921,1337,,2,0,0,5113,463
4/2/2020,68588,5212,1278,,5,3,1,5407,597
4/3/2020,74314,5726,1480,,5,0,0,5939,629
4/4/2020,78293,3979,1163,,9,4,1,4058,690
4/5/2020,81706,3413,977,,9,0,0,3571,539
4/6/2020,88358,6652,1932,,13,4,0,6831,783
4/7/2020,94905,6547,2022,,17,4,0,6667,966
4/8/2020,101694,6789,1863,,19,2,0,6991,975
4/9/2020,108115,6421,1978,,41,22,2,6758,1038
4/10/2020,115684,7569,2054,,42,1,1,7794,1058
4/11/2020,120039,4355,1297,,43,1,0,4500,806
4/12/2020,123062,3023,929,,46,3,2,3095,707
4/13/2020,129318,6256,2002,,54,8,0,6352,1130
4/14/2020,139052,9734,2871,,62,8,2,9858,1487
4/15/2020,148944,9892,2599,,72,10,2,10194,1459
4/16/2020,157839,8895,2388,,93,21,0,8989,1716
4/17/2020,168910,11071,3006,,173,80,5,11445,1764
4/18/2020,174920,6010,1481,,181,8,3,6341,1139
4/19/2020,179503,4583,1090,,191,10,1,4663,933
4/20/2020,190250,10747,2693,,255,64,6,11060,1910
4/21/2020,199691,9441,2192,,331,76,11,9704,2120
4/22/2020,212148,12457,2715,,478,147,17,12750,2648
4/23/2020,222917,10769,2408,,951,473,31,10879,2547
4/24/2020,235266,12349,2283,,1849,898,82,12393,2511
4/25/2020,243488,8222,1496,,2336,487,25,8430,1836
4/26/2020,248369,4881,847,,2791,455,36,4797,1410
4/27/2020,259321,10952,2130,,3933,1142,79,10857,2939
4/28/2020,271569,12248,2107,,5355,1422,83,12278,2997
4/29/2020,284181,12612,2190,,7064,1709,105,12588,2929
4/30/2020,297914,13733,2048,,8442,1378,116,13738,3138
5/1/2020,311992,14078,2084,,10219,1777,130,14003,3289
5/2/2020,319237,7245,1031,,10813,594,57,7320,1877
5/3/2020,324323,5086,735,,11217,404,42,5038,1423
5/4/2020,336386,12063,1881,,13237,2020,162,11921,3523
5/5/2020,349000,12614,1738,,15214,1977,157,12448,3568
5/6/2020,362282,13282,1700,,17194,1980,184,13075,3610
5/7/2020,375742,13460,1683,,19261,2067,173,13432,3661
5/8/2020,389027,13285,1460,,21146,1885,136,13237,3706
5/9/2020,394849,5822,684,,21774,628,38,5714,1974
5/10/2020,398008,3159,386,,22128,354,77,3082,1476
5/11/2020,409823,11815,1311,,23971,1843,162,11624,4017
5/12/2020,423113,13290,1456,,25844,1873,148,13083,4275
5/13/2020,437081,13968,1320,,27590,1746,178,13780,4141
5/14/2020,450479,13398,1316,,29221,1631,165,13193,4188
5/15/2020,464260,13781,1108,,30837,1616,141,13586,4184
5/16/2020,471362,7102,650,,31372,535,51,6981,2346
5/17/2020,475650,4288,363,115,31730,358,54,4227,1622
5/18/2020,489004,13354,1317,1,33358,1628,137,13135,4399
5/19/2020,501374,12370,1080,0,35063,1705,164,12222,4475
5/20/2020,514235,12861,1022,0,36924,1861,149,12640,4292
5/21/2020,526015,11780,978,0,38629,1705,193,11587,4416
5/22/2020,537040,11025,866,0,40273,1644,158,10850,3936
5/23/2020,542003,4963,390,0,40692,419,41,4894,1815
5/24/2020,546085,4082,301,0,41006,314,41,4012,1531
5/25/2020,549186,3101,198,0,41334,328,49,3068,1488
5/26/2020,560421,11235,867,0,42854,1520,130,11081,4356
5/27/2020,570617,10196,694,0,44291,1437,152,10073,3870
5/28/2020,580031,9414,646,0,45583,1292,176,9284,3582
5/29/2020,590121,10090,533,0,46904,1321,138,9969,3508
5/30/2020,595916,5795,270,0,47166,262,34,5746,1809
5/31/2020,599623,3707,162,0,47352,186,38,3662,1400
6/1/2020,609131,9508,508,0,48496,1144,165,9394,3499
6/2/2020,618600,9469,447,0,49595,1099,88,9370,3705
6/3/2020,628159,9559,462,0,50753,1158,123,9418,3693
6/4/2020,636760,8601,383,0,51816,1063,90,8504,3521
6/5/2020,645278,8518,339,0,53021,1205,150,8442,3082
6/6/2020,649854,4576,149,0,53308,287,33,4562,1703
6/7/2020,653408,3554,151,0,53481,173,24,3512,1463
6/8/2020,664110,10702,355,0,54486,1005,100,10650,3295
6/9/2020,675131,11021,344,0,55650,1164,109,10921,3431
6/10/2020,685422,10291,257,0,56842,1192,137,10245,3201
6/11/2020,695747,10325,229,0,58069,1227,105,10276,2811
6/12/2020,705832,10085,257,0,59303,1234,85,10026,2999
6/13/2020,710636,4804,98,0,59529,226,21,4785,1663
6/14/2020,714362,3726,77,0,59702,173,25,3704,1351
6/15/2020,725144,10782,235,0,60871,1169,114,10732,3426
6/16/2020,735599,10455,200,0,62065,1194,87,10408,3322
6/17/2020,750099,14500,248,0,63287,1222,115,14469,3433
6/18/2020,764303,14204,241,0,64650,1363,90,14162,3182
6/19/2020,773200,8897,176,0,65771,1121,82,8862,2777
6/20/2020,778601,5401,93,0,66036,265,16,5390,1841
6/21/2020,782484,3883,79,0,66178,142,16,3873,1354
6/22/2020,792598,10114,228,0,67280,1102,97,10072,3557
6/23/2020,803168,10570,190,0,68569,1289,129,10547,3552
6/24/2020,813848,10680,211,0,69883,1314,99,10636,3381
6/25/2020,823419,9571,206,0,71079,1196,108,9529,3117
6/26/2020,833642,10223,201,0,72324,1245,104,10217,3023
6/27/2020,839711,6069,134,0,72565,241,19,6047,1811
6/28/2020,844379,4668,70,0,72782,217,19,4672,1603
6/29/2020,856608,12229,201,0,73907,1125,100,12212,3928
6/30/2020,869011,12403,220,0,75130,1223,111,12349,3784
7/1/2020,879920,10909,218,0,76224,1094,103,10889,3640
7/2/2020,890218,10298,224,0,77332,1108,119,10285,3637
7/3/2020,896279,6061,97,0,77761,429,61,6053,2300
7/4/2020,899249,2970,62,0,77876,115,9,2960,1318
7/5/2020,904079,4830,100,0,77994,118,23,4813,1859
7/6/2020,916668,12589,240,0,78911,917,94,12548,4450
7/7/2020,931596,14928,241,0,79975,1064,117,14884,4830
7/8/2020,945981,14385,215,0,80921,946,89,14355,5147
7/9/2020,958817,12836,252,0,81891,970,116,12776,4910
7/10/2020,971890,13073,228,0,83042,1151,143,13048,5047
7/11/2020,979348,7458,116,0,83330,288,34,7437,2679
7/12/2020,984440,5092,89,0,83514,184,32,5077,1887
7/13/2020,999181,14741,267,0,84569,1055,116,14683,5219
7/14/2020,1014265,15084,230,0,85553,984,91,15046,5762
7/15/2020,1029383,15118,299,0,86488,935,104,15085,5635
7/16/2020,1041820,12437,244,0,87417,929,108,12363,4987
7/17/2020,1054601,12781,222,0,88393,976,142,12728,5065
7/18/2020,1062636,8035,130,0,88677,284,62,8007,2821
7/19/2020,1068088,5452,72,0,88796,119,24,5443,2019
7/20/2020,1080817,12729,283,0,89706,910,75,12660,4592
7/21/2020,1095036,14219,254,0,90697,991,114,14187,5178
7/22/2020,1108089,13053,255,0,91650,953,119,13006,5052
7/23/2020,1121581,13492,246,0,92539,889,150,13435,6094
7/24/2020,1133439,11858,240,0,93321,782,108,11811,4746
7/25/2020,1140945,7506,142,0,93452,131,6,7480,3185
7/26/2020,1145798,4853,98,0,93546,94,7,4823,2124
7/27/2020,1159793,13995,324,0,94497,951,147,13901,5601
7/28/2020,1174718,14925,262,0,95350,853,121,14844,7079
7/29/2020,1185493,10775,211,0,96169,819,118,10705,5277
7/30/2020,1191169,5676,177,0,96708,539,27,5629,3126
7/31/2020,1193183,2014,36,0,96963,255,24,2004,1166
8/1/2020,1193200,17,1,0,96964,1,0,17,13
