Date,Molecular Total,Molecular New,Molecular Positive New,Molecular Missing,Serology Total,Serology New,Serology Positive New,First Molecular Test per person,Repeat Molecular Tests
1/22/2020,1,1,0,,0,0,0,1,0
1/23/2020,2,1,0,,0,0,0,1,0
1/24/2020,2,0,0,,1,1,0,0,0
1/25/2020,2,0,0,,1,0,0,0,0
1/26/2020,2,0,0,,1,0,0,0,0
1/27/2020,3,1,0,,1,0,0,1,0
1/28/2020,3,0,0,,1,0,0,0,0
1/29/2020,4,1,1,,1,0,0,1,0
1/30/2020,4,0,0,,1,0,0,0,0
1/31/2020,4,0,0,,1,0,0,0,0
2/1/2020,4,0,0,,1,0,0,0,0
2/2/2020,4,0,0,,1,0,0,0,0
2/3/2020,7,3,0,,1,0,0,3,0
2/4/2020,9,2,0,,1,0,0,2,0
2/5/2020,9,0,0,,1,0,0,0,0
2/6/2020,10,1,1,,1,0,0,1,0
2/7/2020,10,0,0,,1,0,0,0,0
2/8/2020,11,1,0,,1,0,0,1,0
2/9/2020,11,0,0,,1,0,0,0,0
2/10/2020,11,0,0,,1,0,0,0,1
2/11/2020,11,0,0,,1,0,0,0,0
2/12/2020,11,0,0,,1,0,0,1,0
2/13/2020,11,0,0,,1,0,0,0,0
2/14/2020,11,0,0,,1,0,0,0,0
2/15/2020,11,0,0,,1,0,0,0,0
2/16/2020,11,0,0,,1,0,0,0,0
2/17/2020,11,0,0,,1,0,0,0,0
2/18/2020,11,0,0,,1,0,0,0,0
2/19/2020,11,0,0,,1,0,0,0,0
2/20/2020,11,0,0,,1,0,0,0,1
2/21/2020,11,0,0,,1,0,0,0,0
2/22/2020,11,0,0,,1,0,0,0,0
2/23/2020,11,0,0,,1,0,0,0,0
2/24/2020,11,0,0,,1,0,0,0,2
2/25/2020,11,0,0,,1,0,0,0,0
2/26/2020,11,0,0,,1,0,0,0,0
2/27/2020,11,0,0,,1,0,0,0,0
2/28/2020,12,1,0,,1,0,0,0,2
2/29/2020,13,1,0,,1,0,0,1,0
3/1/2020,15,2,1,,1,0,0,2,2
3/2/2020,18,3,0,,1,0,0,3,3
3/3/2020,32,14,1,,2,1,0,14,1
3/4/2020,51,19,2,,2,0,0,19,3
3/5/2020,83,32,8,,2,0,0,33,3
3/6/2020,122,39,14,,2,0,0,43,7
3/7/2020,206,84,44,,2,0,0,86,14
3/8/2020,260,54,19,,2,0,0,53,7
3/9/2020,333,73,5,,2,0,0,76,5
3/10/2020,438,105,14,,2,0,0,104,6
3/11/2020,612,174,22,,2,0,0,176,6
3/12/2020,1030,418,29,,2,0,0,426,7
3/13/2020,1970,940,61,,2,0,0,973,14
3/14/2020,2870,900,73,,2,0,0,920,15
3/15/2020,3900,1030,68,,2,0,0,1058,26
3/16/2020,6045,2145,150,,2,0,0,2218,18
3/17/2020,8727,2682,249,,2,0,0,2763,28
3/18/2020,11715,2988,259,,2,0,0,3075,156
3/19/2020,14620,2905,278,,2,0,0,3000,142
3/20/2020,18269,3649,388,,2,0,0,3753,123
3/21/2020,20803,2534,321,,2,0,0,2603,168
3/22/2020,22700,1897,286,,2,0,0,1944,158
3/23/2020,26490,3790,609,,2,0,0,3895,202
3/24/2020,30488,3998,719,,2,0,0,4115,207
3/25/2020,34592,4104,746,,2,0,0,4216,269
3/26/2020,39017,4425,936,,2,0,0,4540,299
3/27/2020,43390,4373,943,,2,0,0,4475,342
3/28/2020,46192,2802,655,,2,0,0,2871,332
3/29/2020,48262,2070,523,,2,0,0,2155,318
3/30/2020,53321,5059,1238,,2,0,0,5174,416
3/31/2020,58560,5239,1265,,2,0,0,5459,472
4/1/2020,63489,4929,1337,,2,0,0,5114,463
4/2/2020,68708,5219,1277,,5,3,1,5410,597
4/3/2020,74464,5756,1480,,5,0,0,5961,626
4/4/2020,78457,3993,1163,,9,4,1,4065,690
4/5/2020,81880,3423,976,,9,0,0,3575,538
4/6/2020,88554,6674,1932,,13,4,0,6842,775
4/7/2020,95131,6577,2024,,17,4,0,6688,952
4/8/2020,101942,6811,1866,,19,2,0,7009,962
4/9/2020,108388,6446,1980,,41,22,2,6773,1028
4/10/2020,115986,7598,2054,,41,0,0,7810,1043
4/11/2020,120364,4378,1297,,42,1,0,4511,797
4/12/2020,123449,3085,930,,45,3,2,3153,699
4/13/2020,129789,6340,2004,,53,8,0,6435,1104
4/14/2020,139561,9772,2874,,62,9,2,9883,1467
4/15/2020,149508,9947,2600,,72,10,2,10227,1442
4/16/2020,158436,8928,2390,,93,21,0,9000,1701
4/17/2020,169550,11114,3009,,173,80,5,11466,1747
4/18/2020,175602,6052,1483,,181,8,3,6374,1107
4/19/2020,180203,4601,1090,,191,10,1,4671,924
4/20/2020,191016,10813,2695,,255,64,6,11082,1891
4/21/2020,200495,9479,2196,,331,76,11,9724,2106
4/22/2020,212997,12502,2716,,479,148,17,12771,2625
4/23/2020,223815,10818,2414,,954,475,31,10901,2527
4/24/2020,236190,12375,2282,,1855,901,82,12397,2494
4/25/2020,244463,8273,1498,,2342,487,25,8445,1821
4/26/2020,249360,4897,848,,2797,455,36,4808,1400
4/27/2020,260360,11000,2131,,3941,1144,79,10882,2914
4/28/2020,272652,12292,2108,,5365,1424,83,12296,2982
4/29/2020,285316,12664,2190,,7074,1709,105,12615,2906
4/30/2020,299103,13787,2049,,8452,1378,116,13773,3106
5/1/2020,313247,14144,2085,,10228,1776,129,14039,3261
5/2/2020,320540,7293,1036,,10823,595,57,7349,1851
5/3/2020,325652,5112,735,,11227,404,42,5057,1406
5/4/2020,337800,12148,1887,,13212,1985,161,11983,3465
5/5/2020,350487,12687,1740,,15155,1943,157,12496,3522
5/6/2020,363855,13368,1710,,17087,1932,184,13124,3564
5/7/2020,377384,13529,1687,,19136,2049,173,13483,3610
5/8/2020,390741,13357,1462,,20994,1858,136,13267,3666
5/9/2020,396580,5839,684,,21616,622,37,5724,1962
5/10/2020,399754,3174,386,,21968,352,77,3097,1463
5/11/2020,411648,11894,1318,,23783,1815,162,11664,3984
5/12/2020,425020,13372,1461,,25636,1853,148,13138,4223
5/13/2020,439079,14059,1327,,27348,1712,178,13859,4070
5/14/2020,452595,13516,1321,,28954,1606,165,13277,4113
5/15/2020,466425,13830,1110,,30550,1596,142,13626,4142
5/16/2020,473566,7141,654,,31080,530,51,7014,2315
5/17/2020,477882,4316,368,115,31436,356,54,4254,1598
5/18/2020,491333,13451,1323,1,33025,1589,137,13222,4319
5/19/2020,503793,12460,1089,0,34702,1677,164,12303,4395
5/20/2020,516704,12911,1029,0,36527,1825,149,12684,4238
5/21/2020,528610,11906,991,0,38158,1631,191,11714,4296
5/22/2020,539702,11092,876,0,39758,1600,158,10907,3882
5/23/2020,544688,4986,393,0,40171,413,41,4912,1800
5/24/2020,548785,4097,303,0,40478,307,41,4022,1519
5/25/2020,551905,3120,200,0,40804,326,49,3079,1479
5/26/2020,563196,11291,885,0,42282,1478,129,11125,4317
5/27/2020,573439,10243,711,0,43701,1419,153,10103,3843
5/28/2020,582889,9450,652,0,44964,1263,176,9311,3550
5/29/2020,593023,10134,533,0,46252,1288,138,10004,3457
5/30/2020,598827,5804,275,0,46510,258,34,5760,1791
5/31/2020,602547,3720,163,0,46693,183,38,3675,1390
6/1/2020,612096,9549,514,0,47807,1114,164,9427,3468
6/2/2020,621584,9488,447,0,48873,1066,88,9386,3689
6/3/2020,631196,9612,469,0,49983,1110,126,9478,3635
6/4/2020,639848,8652,393,0,51003,1020,90,8557,3467
6/5/2020,648396,8548,343,0,52186,1183,150,8462,3063
6/6/2020,652980,4584,148,0,52463,277,32,4568,1691
6/7/2020,656530,3550,151,0,52634,171,24,3502,1450
6/8/2020,667273,10743,360,0,53607,973,100,10680,3253
6/9/2020,678307,11034,348,0,54740,1133,109,10931,3359
6/10/2020,688662,10355,261,0,55900,1160,135,10297,3164
6/11/2020,699040,10378,231,0,57088,1188,105,10319,2767
6/12/2020,709136,10096,254,0,58278,1190,82,10031,2960
6/13/2020,713980,4844,98,0,58496,218,21,4822,1659
6/14/2020,717743,3763,76,0,58668,172,25,3739,1348
6/15/2020,728594,10851,243,0,59799,1131,100,10788,3395
6/16/2020,739045,10451,204,0,60969,1170,84,10396,3285
6/17/2020,753558,14513,252,0,62156,1187,102,14459,3405
6/18/2020,767781,14223,241,0,63484,1328,82,14157,3147
6/19/2020,776754,8973,180,0,64574,1090,76,8924,2756
6/20/2020,782233,5479,94,0,64838,264,16,5465,1842
6/21/2020,786124,3891,79,0,64979,141,16,3875,1345
6/22/2020,796307,10183,231,0,66043,1064,83,10130,3500
6/23/2020,806884,10577,187,0,67286,1243,121,10540,3503
6/24/2020,817594,10710,206,0,68563,1277,91,10656,3278
6/25/2020,827119,9525,203,0,69712,1149,99,9466,3013
6/26/2020,837143,10024,193,0,70906,1194,90,9990,2861
6/27/2020,842236,5093,95,0,71140,234,14,5068,1671
6/28/2020,845883,3647,48,0,71345,205,17,3637,1474
6/29/2020,853540,7657,107,0,72385,1040,86,7635,2809
6/30/2020,858904,5364,96,0,73292,907,57,5339,2274
7/1/2020,860919,2015,49,0,73613,321,24,2007,1293
7/2/2020,860936,17,0,0,73613,0,0,17,22
