Date,Positive Total,Positive New,Probable Total,Probable New
1/29/2020,1,1,0,0
1/30/2020,1,0,0,0
1/31/2020,1,0,0,0
2/1/2020,1,0,0,0
2/2/2020,1,0,0,0
2/3/2020,1,0,0,0
2/4/2020,1,0,0,0
2/5/2020,1,0,0,0
2/6/2020,2,1,0,0
2/7/2020,2,0,0,0
2/8/2020,2,0,0,0
2/9/2020,2,0,0,0
2/10/2020,2,0,0,0
2/11/2020,2,0,0,0
2/12/2020,2,0,0,0
2/13/2020,2,0,0,0
2/14/2020,2,0,0,0
2/15/2020,2,0,0,0
2/16/2020,2,0,0,0
2/17/2020,2,0,0,0
2/18/2020,2,0,0,0
2/19/2020,2,0,0,0
2/20/2020,2,0,0,0
2/21/2020,2,0,0,0
2/22/2020,2,0,0,0
2/23/2020,2,0,0,0
2/24/2020,2,0,0,0
2/25/2020,2,0,0,0
2/26/2020,2,0,0,0
2/27/2020,2,0,0,0
2/28/2020,2,0,0,0
2/29/2020,2,0,0,0
3/1/2020,3,1,3,3
3/2/2020,3,0,5,2
3/3/2020,4,1,8,3
3/4/2020,6,2,9,1
3/5/2020,14,8,12,3
3/6/2020,28,14,12,0
3/7/2020,72,44,15,3
3/8/2020,91,19,20,5
3/9/2020,96,5,24,4
3/10/2020,110,14,30,6
3/11/2020,132,22,35,5
3/12/2020,161,29,39,4
3/13/2020,222,61,45,6
3/14/2020,295,73,49,4
3/15/2020,363,68,55,6
3/16/2020,513,150,58,3
3/17/2020,762,249,66,8
3/18/2020,1021,259,73,7
3/19/2020,1299,278,79,6
3/20/2020,1687,388,90,11
3/21/2020,2008,321,99,9
3/22/2020,2294,286,103,4
3/23/2020,2903,609,114,11
3/24/2020,3621,718,125,11
3/25/2020,4367,746,136,11
3/26/2020,5303,936,141,5
3/27/2020,6246,943,148,7
3/28/2020,6900,654,156,8
3/29/2020,7423,523,161,5
3/30/2020,8661,1238,163,2
3/31/2020,9927,1266,168,5
4/1/2020,11264,1337,173,5
4/2/2020,12542,1278,179,6
4/3/2020,14022,1480,187,8
4/4/2020,15185,1163,194,7
4/5/2020,16162,977,203,9
4/6/2020,18094,1932,208,5
4/7/2020,20116,2022,218,10
4/8/2020,21979,1863,227,9
4/9/2020,23957,1978,238,11
4/10/2020,26011,2054,246,8
4/11/2020,27308,1297,253,7
4/12/2020,28237,929,266,13
4/13/2020,30239,2002,272,6
4/14/2020,33110,2871,277,5
4/15/2020,35709,2599,291,14
4/16/2020,38098,2389,299,8
4/17/2020,41104,3006,317,18
4/18/2020,42585,1481,324,7
4/19/2020,43674,1089,328,4
4/20/2020,46366,2692,341,13
4/21/2020,48556,2190,359,18
4/22/2020,51270,2714,389,30
4/23/2020,53678,2408,416,27
4/24/2020,55961,2283,481,65
4/25/2020,57457,1496,504,23
4/26/2020,58304,847,534,30
4/27/2020,60434,2130,605,71
4/28/2020,62541,2107,668,63
4/29/2020,64731,2190,751,83
4/30/2020,66779,2048,852,101
5/1/2020,68863,2084,948,96
5/2/2020,69894,1031,1006,58
5/3/2020,70629,735,1039,33
5/4/2020,72510,1881,1175,136
5/5/2020,74248,1738,1303,128
5/6/2020,75948,1700,1444,141
5/7/2020,77631,1683,1565,121
5/8/2020,79091,1460,1659,94
5/9/2020,79775,684,1692,33
5/10/2020,80161,386,1754,62
5/11/2020,81472,1311,1865,111
5/12/2020,82928,1456,1984,119
5/13/2020,84248,1320,2115,131
5/14/2020,85564,1316,2242,127
5/15/2020,86671,1107,2338,96
5/16/2020,87321,650,2377,39
5/17/2020,87684,363,2424,47
5/18/2020,89001,1317,2525,101
5/19/2020,90081,1080,2646,121
5/20/2020,91103,1022,2753,107
5/21/2020,92081,978,2893,140
5/22/2020,92947,866,3002,109
5/23/2020,93337,390,3039,37
5/24/2020,93638,301,3078,39
5/25/2020,93836,198,3135,57
5/26/2020,94703,867,3235,100
5/27/2020,95397,694,3342,107
5/28/2020,96043,646,3460,118
5/29/2020,96576,533,3553,93
5/30/2020,96846,270,3589,36
5/31/2020,97008,162,3623,34
6/1/2020,97516,508,3688,65
6/2/2020,97963,447,3739,51
6/3/2020,98425,462,3810,71
6/4/2020,98808,383,3862,52
6/5/2020,99147,339,3955,93
6/6/2020,99296,149,3987,32
6/7/2020,99447,151,4007,20
6/8/2020,99802,355,4078,71
6/9/2020,100146,344,4158,80
6/10/2020,100403,257,4262,104
6/11/2020,100632,229,4338,76
6/12/2020,100889,257,4390,52
6/13/2020,100987,98,4409,19
6/14/2020,101064,77,4436,27
6/15/2020,101299,235,4512,76
6/16/2020,101499,200,4572,60
6/17/2020,101747,248,4660,88
6/18/2020,101988,241,4730,70
6/19/2020,102164,176,4787,57
6/20/2020,102257,93,4806,19
6/21/2020,102336,79,4821,15
6/22/2020,102564,228,4889,68
6/23/2020,102754,190,4976,87
6/24/2020,102965,211,5044,68
6/25/2020,103171,206,5123,79
6/26/2020,103372,201,5200,77
6/27/2020,103506,134,5221,21
6/28/2020,103576,70,5241,20
6/29/2020,103777,201,5310,69
6/30/2020,103997,220,5407,97
7/1/2020,104215,218,5516,109
7/2/2020,104438,223,5618,102
7/3/2020,104535,97,5676,58
7/4/2020,104597,62,5689,13
7/5/2020,104697,100,5723,34
7/6/2020,104936,239,5789,66
7/7/2020,105177,241,5891,102
7/8/2020,105392,215,5970,79
7/9/2020,105644,252,6063,93
7/10/2020,105872,228,6197,134
7/11/2020,105989,117,6239,42
7/12/2020,106078,89,6280,41
7/13/2020,106345,267,6392,112
7/14/2020,106576,231,6466,74
7/15/2020,106878,302,6558,92
7/16/2020,107123,245,6649,91
7/17/2020,107346,223,6767,118
7/18/2020,107476,130,6838,71
7/19/2020,107548,72,6884,46
7/20/2020,107831,283,6955,71
7/21/2020,108090,259,7074,119
7/22/2020,108349,259,7182,108
7/23/2020,108602,253,7349,167
7/24/2020,108861,259,7453,104
7/25/2020,109020,159,7477,24
7/26/2020,109121,101,7519,42
7/27/2020,109473,352,7672,153
7/28/2020,109774,301,7782,110
7/29/2020,110023,249,7889,107
7/30/2020,110292,269,7971,82
7/31/2020,110498,206,8045,74
8/1/2020,110573,75,8059,14
8/2/2020,110594,21,8062,3
8/3/2020,110595,1,8062,0
