Date,Molecular Total,Molecular New,Molecular Positive New,Molecular Missing,Serology Total,Serology New,Serology Positive New,First Molecular Test per person,Repeat Molecular Tests
1/22/2020,1,1,0,,0,0,0,1,0
1/23/2020,2,1,0,,0,0,0,1,0
1/24/2020,2,0,0,,0,0,0,0,0
1/25/2020,2,0,0,,0,0,0,0,0
1/26/2020,2,0,0,,0,0,0,0,0
1/27/2020,3,1,0,,0,0,0,1,0
1/28/2020,3,0,0,,0,0,0,0,0
1/29/2020,4,1,1,,0,0,0,1,0
1/30/2020,4,0,0,,0,0,0,0,0
1/31/2020,4,0,0,,0,0,0,0,0
2/1/2020,4,0,0,,0,0,0,0,0
2/2/2020,4,0,0,,0,0,0,0,0
2/3/2020,7,3,0,,0,0,0,3,0
2/4/2020,9,2,0,,0,0,0,2,0
2/5/2020,9,0,0,,0,0,0,0,0
2/6/2020,10,1,1,,0,0,0,1,0
2/7/2020,10,0,0,,0,0,0,0,0
2/8/2020,11,1,0,,0,0,0,1,0
2/9/2020,11,0,0,,0,0,0,0,0
2/10/2020,11,0,0,,0,0,0,0,1
2/11/2020,11,0,0,,0,0,0,0,0
2/12/2020,11,0,0,,0,0,0,1,0
2/13/2020,11,0,0,,0,0,0,0,0
2/14/2020,11,0,0,,0,0,0,0,0
2/15/2020,11,0,0,,0,0,0,0,0
2/16/2020,11,0,0,,0,0,0,0,0
2/17/2020,11,0,0,,0,0,0,0,0
2/18/2020,11,0,0,,0,0,0,0,0
2/19/2020,11,0,0,,0,0,0,0,0
2/20/2020,11,0,0,,0,0,0,0,1
2/21/2020,11,0,0,,0,0,0,0,0
2/22/2020,11,0,0,,0,0,0,0,0
2/23/2020,11,0,0,,0,0,0,0,0
2/24/2020,11,0,0,,1,1,0,0,2
2/25/2020,11,0,0,,1,0,0,0,0
2/26/2020,11,0,0,,1,0,0,0,0
2/27/2020,11,0,0,,1,0,0,0,0
2/28/2020,12,1,0,,1,0,0,0,2
2/29/2020,13,1,0,,1,0,0,1,0
3/1/2020,15,2,1,,1,0,0,2,2
3/2/2020,18,3,0,,1,0,0,3,3
3/3/2020,32,14,1,,2,1,0,14,1
3/4/2020,51,19,2,,2,0,0,19,3
3/5/2020,83,32,8,,2,0,0,33,3
3/6/2020,121,38,14,,2,0,0,42,7
3/7/2020,205,84,44,,2,0,0,86,14
3/8/2020,259,54,19,,2,0,0,53,7
3/9/2020,331,72,5,,2,0,0,76,5
3/10/2020,435,104,14,,2,0,0,103,6
3/11/2020,608,173,22,,2,0,0,176,6
3/12/2020,1026,418,29,,2,0,0,426,7
3/13/2020,1963,937,61,,2,0,0,971,14
3/14/2020,2862,899,73,,2,0,0,920,15
3/15/2020,3890,1028,68,,2,0,0,1057,27
3/16/2020,6032,2142,150,,2,0,0,2217,18
3/17/2020,8709,2677,249,,2,0,0,2762,28
3/18/2020,11687,2978,259,,2,0,0,3069,157
3/19/2020,14587,2900,278,,2,0,0,2996,142
3/20/2020,18226,3639,388,,2,0,0,3751,124
3/21/2020,20756,2530,321,,2,0,0,2603,168
3/22/2020,22650,1894,286,,2,0,0,1943,159
3/23/2020,26433,3783,609,,2,0,0,3895,202
3/24/2020,30423,3990,718,,2,0,0,4114,207
3/25/2020,34521,4098,746,,2,0,0,4215,269
3/26/2020,38937,4416,936,,2,0,0,4538,299
3/27/2020,43299,4362,943,,2,0,0,4473,342
3/28/2020,46098,2799,654,,2,0,0,2870,332
3/29/2020,48166,2068,523,,2,0,0,2155,318
3/30/2020,53213,5047,1238,,2,0,0,5166,416
3/31/2020,58448,5235,1266,,2,0,0,5459,471
4/1/2020,63369,4921,1337,,2,0,0,5113,463
4/2/2020,68580,5211,1278,,5,3,1,5407,597
4/3/2020,74305,5725,1480,,5,0,0,5938,629
4/4/2020,78279,3974,1163,,9,4,1,4055,690
4/5/2020,81683,3404,977,,9,0,0,3563,539
4/6/2020,88314,6631,1932,,13,4,0,6811,783
4/7/2020,94856,6542,2022,,17,4,0,6666,966
4/8/2020,101636,6780,1863,,19,2,0,6984,979
4/9/2020,108053,6417,1978,,41,22,2,6757,1039
4/10/2020,115620,7567,2054,,42,1,1,7792,1060
4/11/2020,119973,4353,1297,,43,1,0,4499,807
4/12/2020,122994,3021,929,,46,3,2,3095,707
4/13/2020,129249,6255,2002,,54,8,0,6351,1130
4/14/2020,138979,9730,2871,,62,8,2,9854,1491
4/15/2020,148869,9890,2599,,72,10,2,10192,1461
4/16/2020,157760,8891,2389,,93,21,0,8986,1720
4/17/2020,168821,11061,3006,,173,80,5,11438,1769
4/18/2020,174830,6009,1481,,181,8,3,6340,1139
4/19/2020,179409,4579,1089,,191,10,1,4660,936
4/20/2020,190145,10736,2692,,255,64,6,11045,1920
4/21/2020,199575,9430,2190,,331,76,11,9696,2128
4/22/2020,212022,12447,2714,,478,147,17,12744,2654
4/23/2020,222787,10765,2408,,951,473,31,10876,2550
4/24/2020,235133,12346,2283,,1849,898,82,12390,2514
4/25/2020,243345,8212,1496,,2336,487,25,8426,1840
4/26/2020,248226,4881,847,,2791,455,36,4797,1410
4/27/2020,259176,10950,2130,,3933,1142,79,10855,2941
4/28/2020,271420,12244,2107,,5355,1422,83,12277,2998
4/29/2020,284028,12608,2190,,7063,1708,105,12586,2931
4/30/2020,297756,13728,2048,,8441,1378,116,13734,3142
5/1/2020,311826,14070,2084,,10218,1777,130,13999,3292
5/2/2020,319067,7241,1031,,10812,594,57,7317,1880
5/3/2020,324151,5084,735,,11216,404,42,5036,1425
5/4/2020,336211,12060,1881,,13236,2020,162,11919,3525
5/5/2020,348820,12609,1738,,15213,1977,157,12444,3572
5/6/2020,362094,13274,1700,,17193,1980,184,13071,3614
5/7/2020,375551,13457,1683,,19260,2067,173,13429,3664
5/8/2020,388829,13278,1460,,21145,1885,136,13230,3713
5/9/2020,394649,5820,684,,21773,628,38,5713,1975
5/10/2020,397807,3158,386,,22127,354,77,3081,1477
5/11/2020,409616,11809,1311,,23970,1843,162,11620,4021
5/12/2020,422898,13282,1456,,25843,1873,148,13077,4281
5/13/2020,436858,13960,1320,,27589,1746,178,13777,4144
5/14/2020,450253,13395,1316,,29220,1631,165,13191,4190
5/15/2020,464029,13776,1107,,30836,1616,141,13580,4190
5/16/2020,471130,7101,650,,31371,535,51,6981,2346
5/17/2020,475418,4288,363,115,31729,358,54,4227,1622
5/18/2020,488765,13347,1317,1,33357,1628,137,13133,4401
5/19/2020,501129,12364,1080,0,35062,1705,164,12217,4480
5/20/2020,513988,12859,1022,0,36923,1861,149,12638,4294
5/21/2020,525765,11777,978,0,38628,1705,193,11585,4418
5/22/2020,536787,11022,866,0,40272,1644,158,10848,3938
5/23/2020,541748,4961,390,0,40691,419,41,4894,1815
5/24/2020,545827,4079,301,0,41005,314,41,4011,1532
5/25/2020,548926,3099,198,0,41333,328,49,3068,1488
5/26/2020,560156,11230,867,0,42853,1520,130,11081,4356
5/27/2020,570350,10194,694,0,44290,1437,152,10071,3872
5/28/2020,579764,9414,646,0,45582,1292,176,9284,3582
5/29/2020,589853,10089,533,0,46903,1321,138,9969,3508
5/30/2020,595645,5792,270,0,47165,262,34,5743,1812
5/31/2020,599351,3706,162,0,47351,186,38,3662,1400
6/1/2020,608858,9507,508,0,48495,1144,165,9393,3500
6/2/2020,618324,9466,447,0,49593,1098,88,9367,3707
6/3/2020,627883,9559,462,0,50751,1158,123,9418,3693
6/4/2020,636482,8599,383,0,51814,1063,90,8503,3522
6/5/2020,644999,8517,339,0,53019,1205,150,8441,3083
6/6/2020,649575,4576,149,0,53306,287,33,4562,1703
6/7/2020,653129,3554,151,0,53479,173,24,3512,1463
6/8/2020,663830,10701,355,0,54484,1005,100,10649,3296
6/9/2020,674848,11018,344,0,55647,1163,109,10919,3433
6/10/2020,685135,10287,257,0,56839,1192,137,10243,3202
6/11/2020,695455,10320,229,0,58066,1227,105,10271,2814
6/12/2020,705539,10084,257,0,59300,1234,85,10026,2999
6/13/2020,710342,4803,98,0,59526,226,21,4785,1663
6/14/2020,714068,3726,77,0,59699,173,25,3704,1351
6/15/2020,724846,10778,235,0,60868,1169,114,10729,3427
6/16/2020,735297,10451,200,0,62062,1194,87,10405,3324
6/17/2020,749794,14497,248,0,63284,1222,115,14468,3435
6/18/2020,763997,14203,241,0,64647,1363,90,14161,3184
6/19/2020,772893,8896,176,0,65768,1121,82,8862,2777
6/20/2020,778292,5399,93,0,66033,265,16,5388,1841
6/21/2020,782175,3883,79,0,66175,142,16,3873,1354
6/22/2020,792284,10109,228,0,67277,1102,97,10067,3559
6/23/2020,802849,10565,190,0,68566,1289,129,10545,3553
6/24/2020,813529,10680,211,0,69880,1314,99,10636,3381
6/25/2020,823099,9570,206,0,71076,1196,108,9529,3118
6/26/2020,833320,10221,201,0,72321,1245,104,10216,3024
6/27/2020,839388,6068,134,0,72562,241,19,6046,1812
6/28/2020,844054,4666,70,0,72779,217,19,4670,1603
6/29/2020,856278,12224,201,0,73904,1125,100,12210,3930
6/30/2020,868679,12401,220,0,75127,1223,111,12346,3785
7/1/2020,879586,10907,218,0,76221,1094,103,10888,3642
7/2/2020,889879,10293,223,0,77329,1108,119,10282,3637
7/3/2020,895939,6060,97,0,77758,429,61,6052,2301
7/4/2020,898910,2971,62,0,77873,115,9,2961,1317
7/5/2020,903737,4827,100,0,77991,118,23,4810,1862
7/6/2020,916322,12585,239,0,78908,917,94,12545,4452
7/7/2020,931249,14927,241,0,79972,1064,117,14883,4831
7/8/2020,945630,14381,215,0,80918,946,89,14351,5151
7/9/2020,958459,12829,252,0,81888,970,116,12771,4916
7/10/2020,971519,13060,228,0,83039,1151,143,13042,5052
7/11/2020,978975,7456,117,0,83327,288,34,7438,2679
7/12/2020,984066,5091,89,0,83511,184,32,5076,1888
7/13/2020,998804,14738,267,0,84566,1055,116,14682,5221
7/14/2020,1013888,15084,231,0,85550,984,91,15049,5763
7/15/2020,1029006,15118,302,0,86485,935,104,15084,5641
7/16/2020,1041439,12433,245,0,87415,930,108,12363,4988
7/17/2020,1054220,12781,223,0,88391,976,142,12729,5066
7/18/2020,1062253,8033,130,0,88675,284,62,8007,2823
7/19/2020,1067706,5453,72,0,88794,119,24,5444,2019
7/20/2020,1080436,12730,283,0,89704,910,75,12664,4594
7/21/2020,1094683,14247,259,0,90696,992,114,14211,5192
7/22/2020,1107754,13071,259,0,91650,954,119,13021,5058
7/23/2020,1121292,13538,253,0,92540,890,150,13481,6155
7/24/2020,1133518,12226,259,0,93322,782,108,12175,4822
7/25/2020,1141395,7877,159,0,93453,131,6,7853,3221
7/26/2020,1146367,4972,101,0,93547,94,7,4941,2145
7/27/2020,1161661,15294,352,0,94499,952,147,15182,5848
7/28/2020,1177622,15961,301,0,95359,860,123,15872,7349
7/29/2020,1190241,12619,249,0,96192,833,118,12537,5863
7/30/2020,1202508,12267,269,0,96841,649,84,12186,5910
7/31/2020,1213145,10637,206,0,97402,561,59,10596,4638
8/1/2020,1217661,4516,75,0,97498,96,11,4507,1935
8/2/2020,1218775,1114,21,0,97515,17,1,1110,819
8/3/2020,1218790,15,1,0,97515,0,0,14,16
