Date,Molecular Total,Molecular New,Molecular Positive New,Molecular Missing,Serology Total,Serology New,Serology Positive New,First Molecular Test per person,Repeat Molecular Tests
1/22/2020,1,1,0,,0,0,0,1,0
1/23/2020,2,1,0,,0,0,0,1,0
1/24/2020,2,0,0,,1,1,0,0,0
1/25/2020,2,0,0,,1,0,0,0,0
1/26/2020,2,0,0,,1,0,0,0,0
1/27/2020,3,1,0,,1,0,0,1,0
1/28/2020,3,0,0,,1,0,0,0,0
1/29/2020,4,1,1,,1,0,0,1,0
1/30/2020,4,0,0,,1,0,0,0,0
1/31/2020,4,0,0,,1,0,0,0,0
2/1/2020,4,0,0,,1,0,0,0,0
2/2/2020,4,0,0,,1,0,0,0,0
2/3/2020,7,3,0,,1,0,0,3,0
2/4/2020,9,2,0,,1,0,0,2,0
2/5/2020,9,0,0,,1,0,0,0,0
2/6/2020,10,1,1,,1,0,0,1,0
2/7/2020,10,0,0,,1,0,0,0,0
2/8/2020,11,1,0,,1,0,0,1,0
2/9/2020,11,0,0,,1,0,0,0,0
2/10/2020,11,0,0,,1,0,0,0,1
2/11/2020,11,0,0,,1,0,0,0,0
2/12/2020,11,0,0,,1,0,0,1,0
2/13/2020,11,0,0,,1,0,0,0,0
2/14/2020,11,0,0,,1,0,0,0,0
2/15/2020,11,0,0,,1,0,0,0,0
2/16/2020,11,0,0,,1,0,0,0,0
2/17/2020,11,0,0,,1,0,0,0,0
2/18/2020,11,0,0,,1,0,0,0,0
2/19/2020,11,0,0,,1,0,0,0,0
2/20/2020,11,0,0,,1,0,0,0,1
2/21/2020,11,0,0,,1,0,0,0,0
2/22/2020,11,0,0,,1,0,0,0,0
2/23/2020,11,0,0,,1,0,0,0,0
2/24/2020,11,0,0,,1,0,0,0,2
2/25/2020,11,0,0,,1,0,0,0,0
2/26/2020,11,0,0,,1,0,0,0,0
2/27/2020,11,0,0,,1,0,0,0,0
2/28/2020,12,1,0,,1,0,0,0,2
2/29/2020,13,1,0,,1,0,0,1,0
3/1/2020,15,2,1,,1,0,0,2,2
3/2/2020,18,3,0,,1,0,0,3,3
3/3/2020,32,14,1,,2,1,0,14,1
3/4/2020,51,19,2,,2,0,0,19,3
3/5/2020,83,32,8,,2,0,0,33,3
3/6/2020,122,39,14,,2,0,0,43,7
3/7/2020,206,84,44,,2,0,0,86,14
3/8/2020,260,54,19,,2,0,0,53,7
3/9/2020,333,73,5,,2,0,0,76,5
3/10/2020,438,105,14,,2,0,0,104,6
3/11/2020,611,173,22,,2,0,0,176,6
3/12/2020,1029,418,29,,2,0,0,426,7
3/13/2020,1969,940,61,,2,0,0,973,14
3/14/2020,2869,900,73,,2,0,0,920,15
3/15/2020,3899,1030,68,,2,0,0,1058,26
3/16/2020,6044,2145,150,,2,0,0,2218,18
3/17/2020,8726,2682,249,,2,0,0,2763,28
3/18/2020,11712,2986,259,,2,0,0,3074,156
3/19/2020,14617,2905,278,,2,0,0,3000,142
3/20/2020,18266,3649,388,,2,0,0,3753,123
3/21/2020,20799,2533,321,,2,0,0,2603,168
3/22/2020,22696,1897,286,,2,0,0,1944,158
3/23/2020,26485,3789,609,,2,0,0,3895,202
3/24/2020,30483,3998,719,,2,0,0,4115,207
3/25/2020,34586,4103,746,,2,0,0,4216,269
3/26/2020,39008,4422,936,,2,0,0,4540,299
3/27/2020,43380,4372,943,,2,0,0,4475,342
3/28/2020,46182,2802,655,,2,0,0,2871,332
3/29/2020,48251,2069,523,,2,0,0,2155,318
3/30/2020,53309,5058,1238,,2,0,0,5174,416
3/31/2020,58547,5238,1265,,2,0,0,5459,472
4/1/2020,63473,4926,1337,,2,0,0,5113,463
4/2/2020,68692,5219,1278,,5,3,1,5411,597
4/3/2020,74446,5754,1480,,5,0,0,5961,626
4/4/2020,78439,3993,1163,,9,4,1,4065,690
4/5/2020,81862,3423,976,,9,0,0,3575,538
4/6/2020,88535,6673,1932,,13,4,0,6842,775
4/7/2020,95108,6573,2023,,17,4,0,6686,954
4/8/2020,101917,6809,1866,,19,2,0,7009,962
4/9/2020,108360,6443,1980,,41,22,2,6770,1031
4/10/2020,115950,7590,2054,,41,0,0,7800,1052
4/11/2020,120321,4371,1296,,42,1,0,4506,801
4/12/2020,123405,3084,930,,45,3,2,3152,699
4/13/2020,129744,6339,2004,,53,8,0,6434,1105
4/14/2020,139513,9769,2873,,62,9,2,9882,1467
4/15/2020,149456,9943,2600,,72,10,2,10227,1442
4/16/2020,158380,8924,2390,,93,21,0,9000,1702
4/17/2020,169491,11111,3009,,173,80,5,11465,1748
4/18/2020,175541,6050,1483,,181,8,3,6374,1107
4/19/2020,180141,4600,1090,,191,10,1,4671,924
4/20/2020,190946,10805,2695,,255,64,6,11081,1891
4/21/2020,200421,9475,2195,,331,76,11,9721,2108
4/22/2020,212918,12497,2716,,479,148,17,12768,2628
4/23/2020,223728,10810,2413,,954,475,31,10899,2528
4/24/2020,236098,12370,2282,,1854,900,82,12397,2494
4/25/2020,244360,8262,1497,,2341,487,25,8444,1821
4/26/2020,249256,4896,848,,2796,455,36,4808,1400
4/27/2020,260247,10991,2131,,3940,1144,79,10881,2915
4/28/2020,272533,12286,2108,,5364,1424,83,12295,2983
4/29/2020,285190,12657,2190,,7073,1709,105,12615,2906
4/30/2020,298965,13775,2049,,8451,1378,116,13763,3116
5/1/2020,313102,14137,2085,,10227,1776,129,14036,3264
5/2/2020,320386,7284,1035,,10822,595,57,7346,1852
5/3/2020,325497,5111,735,,11226,404,42,5055,1408
5/4/2020,337635,12138,1887,,13211,1985,161,11976,3472
5/5/2020,350316,12681,1740,,15154,1943,157,12491,3527
5/6/2020,363672,13356,1710,,17086,1932,184,13116,3570
5/7/2020,377188,13516,1687,,19135,2049,173,13474,3619
5/8/2020,390540,13352,1462,,20993,1858,136,13266,3667
5/9/2020,396377,5837,684,,21615,622,37,5722,1963
5/10/2020,399547,3170,386,,21967,352,77,3094,1464
5/11/2020,411434,11887,1318,,23782,1815,162,11662,3986
5/12/2020,424796,13362,1461,,25635,1853,148,13129,4233
5/13/2020,438844,14048,1326,,27347,1712,178,13847,4082
5/14/2020,452347,13503,1321,,28953,1606,165,13265,4125
5/15/2020,466174,13827,1110,,30548,1595,141,13617,4150
5/16/2020,473313,7139,655,,31078,530,51,7009,2321
5/17/2020,477623,4310,367,115,31434,356,54,4246,1604
5/18/2020,491061,13438,1323,1,33023,1589,137,13207,4333
5/19/2020,503511,12450,1088,0,34700,1677,164,12295,4403
5/20/2020,516412,12901,1027,0,36525,1825,149,12673,4247
5/21/2020,528307,11895,991,0,38156,1631,191,11702,4307
5/22/2020,539382,11075,875,0,39756,1600,158,10892,3897
5/23/2020,544364,4982,393,0,40169,413,41,4909,1803
5/24/2020,548456,4092,303,0,40476,307,41,4019,1522
5/25/2020,551575,3119,200,0,40802,326,49,3078,1479
5/26/2020,562858,11283,884,0,42280,1478,129,11122,4320
5/27/2020,573097,10239,710,0,43698,1418,153,10100,3847
5/28/2020,582543,9446,652,0,44961,1263,176,9307,3554
5/29/2020,592669,10126,532,0,46249,1288,138,9997,3464
5/30/2020,598473,5804,274,0,46507,258,34,5762,1792
5/31/2020,602192,3719,163,0,46690,183,38,3675,1390
6/1/2020,611737,9545,514,0,47804,1114,164,9425,3472
6/2/2020,621223,9486,447,0,48869,1065,88,9384,3691
6/3/2020,630827,9604,469,0,49979,1110,126,9472,3642
6/4/2020,639470,8643,392,0,50998,1019,90,8549,3477
6/5/2020,648013,8543,343,0,52181,1183,150,8460,3067
6/6/2020,652599,4586,149,0,52461,280,33,4570,1692
6/7/2020,656145,3546,151,0,52632,171,24,3501,1453
6/8/2020,666882,10737,359,0,53605,973,100,10677,3262
6/9/2020,677964,11082,353,0,54737,1132,109,10980,3374
6/10/2020,688313,10349,261,0,55897,1160,135,10290,3173
6/11/2020,698687,10374,230,0,57085,1188,105,10314,2787
6/12/2020,708842,10155,260,0,58275,1190,82,10089,2969
6/13/2020,713693,4851,98,0,58493,218,21,4829,1662
6/14/2020,717455,3762,76,0,58665,172,25,3738,1350
6/15/2020,728330,10875,236,0,59795,1130,100,10812,3406
6/16/2020,738861,10531,199,0,60964,1169,83,10476,3303
6/17/2020,753397,14536,254,0,62150,1186,102,14483,3424
6/18/2020,767665,14268,242,0,63477,1327,82,14213,3161
6/19/2020,776639,8974,179,0,64569,1092,76,8926,2761
6/20/2020,782120,5481,95,0,64832,263,16,5468,1846
6/21/2020,786013,3893,79,0,64972,140,16,3880,1346
6/22/2020,796191,10178,230,0,66035,1063,83,10125,3514
6/23/2020,806854,10663,186,0,67276,1241,121,10623,3532
6/24/2020,817610,10756,210,0,68551,1275,92,10700,3314
6/25/2020,827205,9595,203,0,69701,1150,100,9542,3070
6/26/2020,837476,10271,204,0,70898,1197,91,10241,2980
6/27/2020,843603,6127,133,0,71135,237,15,6100,1814
6/28/2020,848327,4724,69,0,71351,216,18,4714,1608
6/29/2020,860440,12113,196,0,72443,1092,92,12080,3854
6/30/2020,872466,12026,201,0,73629,1186,106,11966,3641
7/1/2020,882273,9807,198,0,74634,1005,71,9776,3289
7/2/2020,889304,7031,159,0,75550,916,61,6998,2657
7/3/2020,893206,3902,60,0,75827,277,32,3885,1817
7/4/2020,895582,2376,45,0,75896,69,4,2366,1150
7/5/2020,898797,3215,62,0,75983,87,17,3202,1433
7/6/2020,901203,2406,55,0,76090,107,8,2392,1228
7/7/2020,901221,18,2,0,76090,0,0,17,14
