Date,Molecular Total,Molecular New,Molecular Positive New,Molecular Missing,Serology Total,Serology New,Serology Positive New,First Molecular Test per person,Repeat Molecular Tests
1/22/2020,1,1,0,,0,0,0,1,0
1/23/2020,2,1,0,,0,0,0,1,0
1/24/2020,2,0,0,,0,0,0,0,0
1/25/2020,2,0,0,,0,0,0,0,0
1/26/2020,2,0,0,,0,0,0,0,0
1/27/2020,3,1,0,,0,0,0,1,0
1/28/2020,3,0,0,,0,0,0,0,0
1/29/2020,4,1,1,,0,0,0,1,0
1/30/2020,4,0,0,,0,0,0,0,0
1/31/2020,4,0,0,,0,0,0,0,0
2/1/2020,4,0,0,,0,0,0,0,0
2/2/2020,4,0,0,,0,0,0,0,0
2/3/2020,7,3,0,,0,0,0,3,0
2/4/2020,9,2,0,,0,0,0,2,0
2/5/2020,9,0,0,,0,0,0,0,0
2/6/2020,10,1,1,,0,0,0,1,0
2/7/2020,10,0,0,,0,0,0,0,0
2/8/2020,11,1,0,,0,0,0,1,0
2/9/2020,11,0,0,,0,0,0,0,0
2/10/2020,11,0,0,,0,0,0,0,1
2/11/2020,11,0,0,,0,0,0,0,0
2/12/2020,11,0,0,,0,0,0,1,0
2/13/2020,11,0,0,,0,0,0,0,0
2/14/2020,11,0,0,,0,0,0,0,0
2/15/2020,11,0,0,,0,0,0,0,0
2/16/2020,11,0,0,,0,0,0,0,0
2/17/2020,11,0,0,,0,0,0,0,0
2/18/2020,11,0,0,,0,0,0,0,0
2/19/2020,11,0,0,,0,0,0,0,0
2/20/2020,11,0,0,,0,0,0,0,1
2/21/2020,11,0,0,,0,0,0,0,0
2/22/2020,11,0,0,,0,0,0,0,0
2/23/2020,11,0,0,,0,0,0,0,0
2/24/2020,11,0,0,,1,1,0,0,2
2/25/2020,11,0,0,,1,0,0,0,0
2/26/2020,11,0,0,,1,0,0,0,0
2/27/2020,11,0,0,,1,0,0,0,0
2/28/2020,12,1,0,,1,0,0,0,2
2/29/2020,13,1,0,,1,0,0,1,0
3/1/2020,15,2,1,,1,0,0,2,2
3/2/2020,18,3,0,,1,0,0,3,3
3/3/2020,32,14,1,,2,1,0,14,1
3/4/2020,51,19,2,,2,0,0,19,3
3/5/2020,83,32,8,,2,0,0,33,3
3/6/2020,122,39,14,,2,0,0,43,7
3/7/2020,206,84,44,,2,0,0,86,14
3/8/2020,260,54,19,,2,0,0,53,7
3/9/2020,333,73,5,,2,0,0,76,5
3/10/2020,438,105,14,,2,0,0,104,6
3/11/2020,611,173,22,,2,0,0,176,6
3/12/2020,1029,418,29,,2,0,0,426,7
3/13/2020,1969,940,61,,2,0,0,973,14
3/14/2020,2869,900,73,,2,0,0,920,15
3/15/2020,3899,1030,68,,2,0,0,1058,26
3/16/2020,6044,2145,150,,2,0,0,2218,18
3/17/2020,8725,2681,249,,2,0,0,2763,28
3/18/2020,11710,2985,259,,2,0,0,3074,156
3/19/2020,14614,2904,278,,2,0,0,2999,142
3/20/2020,18262,3648,388,,2,0,0,3753,123
3/21/2020,20795,2533,321,,2,0,0,2603,168
3/22/2020,22692,1897,286,,2,0,0,1944,158
3/23/2020,26480,3788,609,,2,0,0,3895,202
3/24/2020,30478,3998,719,,2,0,0,4115,207
3/25/2020,34581,4103,746,,2,0,0,4216,269
3/26/2020,39003,4422,936,,2,0,0,4540,299
3/27/2020,43374,4371,943,,2,0,0,4474,342
3/28/2020,46176,2802,655,,2,0,0,2871,332
3/29/2020,48245,2069,523,,2,0,0,2155,318
3/30/2020,53302,5057,1238,,2,0,0,5174,416
3/31/2020,58540,5238,1265,,2,0,0,5459,472
4/1/2020,63466,4926,1337,,2,0,0,5113,463
4/2/2020,68685,5219,1278,,5,3,1,5411,597
4/3/2020,74438,5753,1480,,5,0,0,5961,626
4/4/2020,78431,3993,1163,,9,4,1,4065,690
4/5/2020,81854,3423,976,,9,0,0,3575,538
4/6/2020,88527,6673,1932,,13,4,0,6842,775
4/7/2020,95099,6572,2023,,17,4,0,6686,954
4/8/2020,101907,6808,1866,,19,2,0,7008,963
4/9/2020,108348,6441,1980,,41,22,2,6769,1032
4/10/2020,115937,7589,2054,,41,0,0,7799,1052
4/11/2020,120305,4368,1296,,42,1,0,4505,801
4/12/2020,123389,3084,930,,45,3,2,3152,699
4/13/2020,129728,6339,2004,,53,8,0,6434,1105
4/14/2020,139494,9766,2873,,62,9,2,9881,1468
4/15/2020,149435,9941,2600,,72,10,2,10227,1442
4/16/2020,158357,8922,2389,,93,21,0,8999,1702
4/17/2020,169463,11106,3009,,173,80,5,11464,1749
4/18/2020,175512,6049,1483,,181,8,3,6374,1107
4/19/2020,180111,4599,1090,,191,10,1,4670,925
4/20/2020,190915,10804,2695,,255,64,6,11081,1891
4/21/2020,200389,9474,2195,,331,76,11,9721,2108
4/22/2020,212883,12494,2716,,479,148,17,12767,2629
4/23/2020,223690,10807,2413,,953,474,31,10898,2529
4/24/2020,236059,12369,2282,,1853,900,82,12397,2494
4/25/2020,244320,8261,1497,,2340,487,25,8444,1821
4/26/2020,249213,4893,848,,2795,455,36,4805,1402
4/27/2020,260204,10991,2131,,3939,1144,79,10881,2915
4/28/2020,272486,12282,2108,,5363,1424,83,12294,2984
4/29/2020,285143,12657,2190,,7072,1709,105,12615,2906
4/30/2020,298915,13772,2049,,8450,1378,116,13761,3118
5/1/2020,313045,14130,2085,,10226,1776,129,14033,3264
5/2/2020,320328,7283,1034,,10821,595,57,7346,1852
5/3/2020,325438,5110,735,,11225,404,42,5054,1409
5/4/2020,337573,12135,1887,,13210,1985,161,11975,3473
5/5/2020,350250,12677,1740,,15153,1943,157,12489,3529
5/6/2020,363603,13353,1710,,17085,1932,184,13116,3570
5/7/2020,377118,13515,1687,,19134,2049,173,13474,3619
5/8/2020,390463,13345,1462,,20992,1858,136,13265,3668
5/9/2020,396298,5835,684,,21615,623,38,5722,1963
5/10/2020,399467,3169,386,,21967,352,77,3093,1465
5/11/2020,411352,11885,1318,,23782,1815,162,11660,3987
5/12/2020,424707,13355,1460,,25635,1853,148,13124,4238
5/13/2020,438752,14045,1326,,27347,1712,178,13846,4082
5/14/2020,452253,13501,1321,,28953,1606,165,13265,4125
5/15/2020,466075,13822,1110,,30548,1595,141,13613,4154
5/16/2020,473213,7138,655,,31078,530,51,7007,2323
5/17/2020,477522,4309,367,115,31434,356,54,4245,1606
5/18/2020,490956,13434,1323,1,33023,1589,137,13201,4338
5/19/2020,503403,12447,1088,0,34700,1677,164,12289,4409
5/20/2020,516302,12899,1026,0,36524,1824,149,12669,4251
5/21/2020,528197,11895,991,0,38155,1631,191,11701,4308
5/22/2020,539272,11075,875,0,39755,1600,158,10891,3898
5/23/2020,544253,4981,393,0,40168,413,41,4908,1804
5/24/2020,548344,4091,303,0,40475,307,41,4019,1522
5/25/2020,551462,3118,200,0,40801,326,49,3078,1479
5/26/2020,562742,11280,883,0,42278,1477,129,11119,4323
5/27/2020,572980,10238,710,0,43695,1417,152,10099,3847
5/28/2020,582425,9445,652,0,44958,1263,176,9305,3556
5/29/2020,592550,10125,532,0,46246,1288,138,9996,3465
5/30/2020,598352,5802,274,0,46504,258,34,5758,1796
5/31/2020,602069,3717,163,0,46687,183,38,3673,1392
6/1/2020,611609,9540,514,0,47801,1114,164,9421,3474
6/2/2020,621094,9485,447,0,48866,1065,88,9383,3692
6/3/2020,630698,9604,469,0,49976,1110,126,9472,3642
6/4/2020,639338,8640,391,0,50995,1019,90,8544,3482
6/5/2020,647878,8540,343,0,52177,1182,149,8459,3068
6/6/2020,652464,4586,149,0,52457,280,33,4571,1692
6/7/2020,656012,3548,151,0,52628,171,24,3503,1454
6/8/2020,666746,10734,359,0,53602,974,100,10673,3266
6/9/2020,677821,11075,351,0,54734,1132,109,10973,3380
6/10/2020,688170,10349,261,0,55894,1160,135,10290,3173
6/11/2020,698541,10371,229,0,57081,1187,104,10312,2789
6/12/2020,708694,10153,260,0,58270,1189,82,10087,2971
6/13/2020,713545,4851,98,0,58488,218,21,4829,1662
6/14/2020,717307,3762,76,0,58660,172,25,3739,1350
6/15/2020,728180,10873,236,0,59790,1130,100,10811,3408
6/16/2020,738708,10528,200,0,60959,1169,83,10475,3306
6/17/2020,753243,14535,254,0,62145,1186,102,14482,3425
6/18/2020,767509,14266,242,0,63471,1326,82,14211,3163
6/19/2020,776480,8971,179,0,64561,1090,74,8924,2765
6/20/2020,781960,5480,95,0,64824,263,16,5467,1846
6/21/2020,785853,3893,79,0,64964,140,16,3880,1346
6/22/2020,796029,10176,230,0,66027,1063,83,10126,3513
6/23/2020,806691,10662,186,0,67268,1241,122,10624,3534
6/24/2020,817449,10758,211,0,68545,1277,92,10703,3334
6/25/2020,827045,9596,204,0,69698,1153,100,9545,3089
6/26/2020,837316,10271,204,0,70895,1197,91,10246,3002
6/27/2020,843441,6125,134,0,71132,237,15,6099,1815
6/28/2020,848166,4725,70,0,71348,216,18,4715,1609
6/29/2020,860392,12226,202,0,72443,1095,93,12191,3880
6/30/2020,872715,12323,211,0,73632,1189,106,12263,3753
7/1/2020,883388,10673,217,0,74680,1048,92,10638,3539
7/2/2020,892208,8820,202,0,75687,1007,89,8782,3133
7/3/2020,896347,4139,63,0,76115,428,55,4124,1890
7/4/2020,898842,2495,52,0,76218,103,7,2484,1205
7/5/2020,902474,3632,70,0,76335,117,24,3614,1602
7/6/2020,910557,8083,141,0,77165,830,81,8046,3387
7/7/2020,917074,6517,106,0,78016,851,80,6497,2687
7/8/2020,919985,2911,55,0,78417,401,32,2899,1859
7/9/2020,920002,17,2,0,78417,0,0,17,17
