Date,Molecular Total,Molecular New,Molecular Positive New,Molecular Missing,Serology Total,Serology New,Serology Positive New,First Molecular Test per person,Repeat Molecular Tests
1/22/2020,1,1,0,,0,0,0,1,0
1/23/2020,2,1,0,,0,0,0,1,0
1/24/2020,2,0,0,,1,1,0,0,0
1/25/2020,2,0,0,,1,0,0,0,0
1/26/2020,2,0,0,,1,0,0,0,0
1/27/2020,3,1,0,,1,0,0,1,0
1/28/2020,3,0,0,,1,0,0,0,0
1/29/2020,4,1,1,,1,0,0,1,0
1/30/2020,4,0,0,,1,0,0,0,0
1/31/2020,4,0,0,,1,0,0,0,0
2/1/2020,4,0,0,,1,0,0,0,0
2/2/2020,4,0,0,,1,0,0,0,0
2/3/2020,7,3,0,,1,0,0,3,0
2/4/2020,9,2,0,,1,0,0,2,0
2/5/2020,9,0,0,,1,0,0,0,0
2/6/2020,10,1,1,,1,0,0,1,0
2/7/2020,10,0,0,,1,0,0,0,0
2/8/2020,11,1,0,,1,0,0,1,0
2/9/2020,11,0,0,,1,0,0,0,0
2/10/2020,11,0,0,,1,0,0,0,1
2/11/2020,11,0,0,,1,0,0,0,0
2/12/2020,11,0,0,,1,0,0,1,0
2/13/2020,11,0,0,,1,0,0,0,0
2/14/2020,11,0,0,,1,0,0,0,0
2/15/2020,11,0,0,,1,0,0,0,0
2/16/2020,11,0,0,,1,0,0,0,0
2/17/2020,11,0,0,,1,0,0,0,0
2/18/2020,11,0,0,,1,0,0,0,0
2/19/2020,11,0,0,,1,0,0,0,0
2/20/2020,11,0,0,,1,0,0,0,1
2/21/2020,11,0,0,,1,0,0,0,0
2/22/2020,11,0,0,,1,0,0,0,0
2/23/2020,11,0,0,,1,0,0,0,0
2/24/2020,11,0,0,,1,0,0,0,2
2/25/2020,11,0,0,,1,0,0,0,0
2/26/2020,11,0,0,,1,0,0,0,0
2/27/2020,11,0,0,,1,0,0,0,0
2/28/2020,12,1,0,,1,0,0,0,2
2/29/2020,13,1,0,,1,0,0,1,0
3/1/2020,15,2,1,,1,0,0,2,2
3/2/2020,18,3,0,,1,0,0,3,3
3/3/2020,32,14,1,,2,1,0,14,1
3/4/2020,51,19,2,,2,0,0,19,3
3/5/2020,83,32,8,,2,0,0,33,3
3/6/2020,122,39,14,,2,0,0,43,7
3/7/2020,206,84,44,,2,0,0,86,14
3/8/2020,260,54,19,,2,0,0,53,7
3/9/2020,333,73,5,,2,0,0,76,5
3/10/2020,438,105,14,,2,0,0,104,6
3/11/2020,612,174,22,,2,0,0,176,6
3/12/2020,1030,418,29,,2,0,0,426,7
3/13/2020,1970,940,61,,2,0,0,973,14
3/14/2020,2870,900,73,,2,0,0,920,15
3/15/2020,3900,1030,68,,2,0,0,1058,26
3/16/2020,6045,2145,150,,2,0,0,2218,18
3/17/2020,8727,2682,249,,2,0,0,2763,28
3/18/2020,11715,2988,259,,2,0,0,3075,156
3/19/2020,14621,2906,278,,2,0,0,3000,142
3/20/2020,18271,3650,388,,2,0,0,3753,123
3/21/2020,20805,2534,321,,2,0,0,2603,168
3/22/2020,22702,1897,286,,2,0,0,1944,158
3/23/2020,26492,3790,609,,2,0,0,3895,202
3/24/2020,30493,4001,719,,2,0,0,4116,207
3/25/2020,34597,4104,746,,2,0,0,4217,269
3/26/2020,39022,4425,936,,2,0,0,4540,299
3/27/2020,43397,4375,943,,2,0,0,4474,342
3/28/2020,46201,2804,655,,2,0,0,2871,331
3/29/2020,48272,2071,523,,2,0,0,2155,318
3/30/2020,53333,5061,1238,,2,0,0,5174,416
3/31/2020,58574,5241,1265,,2,0,0,5461,471
4/1/2020,63507,4933,1338,,2,0,0,5115,462
4/2/2020,68731,5224,1280,,5,3,1,5413,597
4/3/2020,74489,5758,1481,,5,0,0,5962,626
4/4/2020,78482,3993,1163,,9,4,1,4065,689
4/5/2020,81907,3425,976,,9,0,0,3575,538
4/6/2020,88581,6674,1932,,13,4,0,6842,775
4/7/2020,95161,6580,2024,,17,4,0,6688,951
4/8/2020,101973,6812,1867,,19,2,0,7010,961
4/9/2020,108423,6450,1982,,41,22,2,6778,1023
4/10/2020,116029,7606,2054,,41,0,0,7816,1037
4/11/2020,120407,4378,1297,,42,1,0,4512,796
4/12/2020,123496,3089,930,,45,3,2,3153,699
4/13/2020,129839,6343,2004,,53,8,0,6438,1100
4/14/2020,139614,9775,2875,,62,9,2,9886,1465
4/15/2020,149568,9954,2601,,72,10,2,10230,1442
4/16/2020,158500,8932,2389,,93,21,0,9003,1697
4/17/2020,169624,11124,3010,,173,80,5,11469,1744
4/18/2020,175684,6060,1483,,181,8,3,6374,1108
4/19/2020,180286,4602,1091,,191,10,1,4673,923
4/20/2020,191109,10823,2699,,255,64,6,11093,1881
4/21/2020,200593,9484,2199,,331,76,11,9725,2102
4/22/2020,213102,12509,2719,,479,148,17,12778,2619
4/23/2020,223927,10825,2417,,954,475,31,10907,2522
4/24/2020,236312,12385,2283,,1855,901,82,12400,2492
4/25/2020,244589,8277,1498,,2342,487,25,8445,1821
4/26/2020,249487,4898,848,,2797,455,36,4809,1399
4/27/2020,260485,10998,2127,,3941,1144,79,10882,2909
4/28/2020,272783,12298,2108,,5366,1425,83,12299,2978
4/29/2020,285450,12667,2187,,7075,1709,105,12611,2904
4/30/2020,299244,13794,2049,,8453,1378,116,13776,3103
5/1/2020,313401,14157,2086,,10229,1776,129,14049,3251
5/2/2020,320698,7297,1037,,10824,595,57,7350,1850
5/3/2020,325811,5113,735,,11228,404,42,5059,1404
5/4/2020,337974,12163,1887,,13213,1985,161,11993,3453
5/5/2020,350667,12693,1741,,15156,1943,157,12503,3517
5/6/2020,364042,13375,1710,,17088,1932,184,13130,3557
5/7/2020,377584,13542,1693,,19137,2049,173,13498,3594
5/8/2020,390950,13366,1462,,20995,1858,136,13274,3658
5/9/2020,396792,5842,684,,21617,622,37,5727,1958
5/10/2020,399967,3175,386,,21969,352,77,3098,1462
5/11/2020,411863,11896,1317,,23784,1815,162,11677,3970
5/12/2020,425239,13376,1461,,25637,1853,148,13149,4211
5/13/2020,439307,14068,1328,,27349,1712,178,13879,4050
5/14/2020,452827,13520,1322,,28955,1606,165,13287,4103
5/15/2020,466662,13835,1112,,30551,1596,142,13631,4138
5/16/2020,473805,7143,653,,31081,530,51,7018,2310
5/17/2020,478123,4318,368,115,31437,356,54,4257,1595
5/18/2020,491579,13456,1323,1,33026,1589,137,13226,4315
5/19/2020,504044,12465,1090,0,34703,1677,164,12307,4389
5/20/2020,516959,12915,1029,0,36528,1825,149,12687,4234
5/21/2020,528872,11913,992,0,38159,1631,191,11720,4290
5/22/2020,539969,11097,875,0,39759,1600,158,10913,3875
5/23/2020,544957,4988,393,0,40172,413,41,4915,1797
5/24/2020,549055,4098,303,0,40479,307,41,4024,1517
5/25/2020,552175,3120,200,0,40805,326,49,3079,1479
5/26/2020,563472,11297,885,0,42283,1478,129,11131,4310
5/27/2020,573719,10247,711,0,43702,1419,153,10108,3838
5/28/2020,583177,9458,654,0,44965,1263,176,9316,3545
5/29/2020,593314,10137,533,0,46253,1288,138,10007,3455
5/30/2020,599122,5808,275,0,46511,258,34,5763,1788
5/31/2020,602845,3723,164,0,46694,183,38,3678,1388
6/1/2020,612399,9554,515,0,47809,1115,164,9431,3463
6/2/2020,621892,9493,447,0,48875,1066,88,9393,3682
6/3/2020,631509,9617,471,0,49985,1110,126,9481,3634
6/4/2020,640165,8656,393,0,51005,1020,90,8561,3462
6/5/2020,648715,8550,343,0,52188,1183,150,8464,3061
6/6/2020,653300,4585,148,0,52465,277,32,4568,1691
6/7/2020,656849,3549,151,0,52636,171,24,3502,1449
6/8/2020,667599,10750,360,0,53609,973,100,10687,3246
6/9/2020,678611,11012,348,0,54741,1132,109,10909,3339
6/10/2020,688939,10328,253,0,55901,1160,135,10269,3147
6/11/2020,699314,10375,231,0,57089,1188,105,10314,2756
6/12/2020,709413,10099,254,0,58278,1189,81,10033,2956
6/13/2020,714257,4844,98,0,58496,218,21,4822,1659
6/14/2020,718020,3763,77,0,58668,172,25,3738,1346
6/15/2020,728377,10357,245,0,59787,1119,99,10294,3383
6/16/2020,738574,10197,203,0,60950,1163,83,10142,3281
6/17/2020,753010,14436,253,0,62124,1174,100,14380,3398
6/18/2020,767232,14222,245,0,63439,1315,82,14149,3139
6/19/2020,776159,8927,180,0,64514,1075,76,8876,2751
6/20/2020,781610,5451,93,0,64778,264,16,5436,1837
6/21/2020,785428,3818,78,0,64919,141,16,3800,1335
6/22/2020,795527,10099,233,0,65973,1054,82,10043,3488
6/23/2020,805974,10447,183,0,67209,1236,121,10409,3460
6/24/2020,816403,10429,200,0,68474,1265,89,10369,3233
6/25/2020,824211,7808,169,0,69573,1099,88,7751,2611
6/26/2020,831573,7362,118,0,70622,1049,79,7335,2292
6/27/2020,835588,4015,71,0,70744,122,9,4001,1420
6/28/2020,837124,1536,20,0,70768,24,1,1529,800
6/29/2020,837147,23,0,0,70768,0,0,23,29
