Date,Molecular Total,Molecular New,Molecular Positive New,Molecular Missing,Serology Total,Serology New,Serology Positive New,First Molecular Test per person,Repeat Molecular Tests
1/22/2020,1,1,0,,0,0,0,1,0
1/23/2020,2,1,0,,0,0,0,1,0
1/24/2020,2,0,0,,0,0,0,0,0
1/25/2020,2,0,0,,0,0,0,0,0
1/26/2020,2,0,0,,0,0,0,0,0
1/27/2020,3,1,0,,0,0,0,1,0
1/28/2020,3,0,0,,0,0,0,0,0
1/29/2020,4,1,1,,0,0,0,1,0
1/30/2020,4,0,0,,0,0,0,0,0
1/31/2020,4,0,0,,0,0,0,0,0
2/1/2020,4,0,0,,0,0,0,0,0
2/2/2020,4,0,0,,0,0,0,0,0
2/3/2020,7,3,0,,0,0,0,3,0
2/4/2020,9,2,0,,0,0,0,2,0
2/5/2020,9,0,0,,0,0,0,0,0
2/6/2020,10,1,1,,0,0,0,1,0
2/7/2020,10,0,0,,0,0,0,0,0
2/8/2020,11,1,0,,0,0,0,1,0
2/9/2020,11,0,0,,0,0,0,0,0
2/10/2020,11,0,0,,0,0,0,0,1
2/11/2020,11,0,0,,0,0,0,0,0
2/12/2020,11,0,0,,0,0,0,1,0
2/13/2020,11,0,0,,0,0,0,0,0
2/14/2020,11,0,0,,0,0,0,0,0
2/15/2020,11,0,0,,0,0,0,0,0
2/16/2020,11,0,0,,0,0,0,0,0
2/17/2020,11,0,0,,0,0,0,0,0
2/18/2020,11,0,0,,0,0,0,0,0
2/19/2020,11,0,0,,0,0,0,0,0
2/20/2020,11,0,0,,0,0,0,0,1
2/21/2020,11,0,0,,0,0,0,0,0
2/22/2020,11,0,0,,0,0,0,0,0
2/23/2020,11,0,0,,0,0,0,0,0
2/24/2020,11,0,0,,1,1,0,0,2
2/25/2020,11,0,0,,1,0,0,0,0
2/26/2020,11,0,0,,1,0,0,0,0
2/27/2020,11,0,0,,1,0,0,0,0
2/28/2020,12,1,0,,1,0,0,0,2
2/29/2020,13,1,0,,1,0,0,1,0
3/1/2020,15,2,1,,1,0,0,2,2
3/2/2020,18,3,0,,1,0,0,3,3
3/3/2020,32,14,1,,2,1,0,14,1
3/4/2020,51,19,2,,2,0,0,19,3
3/5/2020,83,32,8,,2,0,0,33,3
3/6/2020,121,38,14,,2,0,0,42,7
3/7/2020,205,84,44,,2,0,0,86,14
3/8/2020,259,54,19,,2,0,0,53,7
3/9/2020,331,72,5,,2,0,0,76,5
3/10/2020,435,104,14,,2,0,0,103,6
3/11/2020,608,173,22,,2,0,0,176,6
3/12/2020,1026,418,29,,2,0,0,426,7
3/13/2020,1964,938,61,,2,0,0,971,14
3/14/2020,2863,899,73,,2,0,0,920,15
3/15/2020,3892,1029,68,,2,0,0,1057,27
3/16/2020,6035,2143,150,,2,0,0,2217,18
3/17/2020,8713,2678,249,,2,0,0,2762,28
3/18/2020,11692,2979,259,,2,0,0,3069,157
3/19/2020,14593,2901,278,,2,0,0,2996,142
3/20/2020,18234,3641,388,,2,0,0,3752,124
3/21/2020,20766,2532,321,,2,0,0,2603,168
3/22/2020,22661,1895,286,,2,0,0,1944,158
3/23/2020,26444,3783,609,,2,0,0,3895,202
3/24/2020,30434,3990,718,,2,0,0,4114,207
3/25/2020,34532,4098,746,,2,0,0,4215,269
3/26/2020,38948,4416,936,,2,0,0,4538,299
3/27/2020,43311,4363,943,,2,0,0,4473,342
3/28/2020,46110,2799,654,,2,0,0,2870,332
3/29/2020,48178,2068,523,,2,0,0,2155,318
3/30/2020,53226,5048,1237,,2,0,0,5167,416
3/31/2020,58462,5236,1266,,2,0,0,5459,472
4/1/2020,63383,4921,1337,,2,0,0,5113,463
4/2/2020,68597,5214,1278,,5,3,1,5408,597
4/3/2020,74328,5731,1480,,5,0,0,5944,629
4/4/2020,78308,3980,1162,,9,4,1,4059,690
4/5/2020,81723,3415,977,,9,0,0,3573,539
4/6/2020,88376,6653,1932,,13,4,0,6831,782
4/7/2020,94928,6552,2022,,17,4,0,6670,964
4/8/2020,101724,6796,1863,,19,2,0,6997,970
4/9/2020,108153,6429,1978,,41,22,2,6761,1035
4/10/2020,115724,7571,2053,,42,1,1,7795,1057
4/11/2020,120081,4357,1297,,43,1,0,4500,806
4/12/2020,123104,3023,929,,46,3,2,3095,707
4/13/2020,129360,6256,2002,,54,8,0,6352,1130
4/14/2020,139094,9734,2871,,62,8,2,9858,1487
4/15/2020,148998,9904,2599,,72,10,2,10202,1456
4/16/2020,157901,8903,2389,,93,21,0,8993,1713
4/17/2020,168978,11077,3006,,173,80,5,11447,1762
4/18/2020,175005,6027,1481,,181,8,3,6355,1126
4/19/2020,179589,4584,1090,,191,10,1,4664,932
4/20/2020,190349,10760,2694,,255,64,6,11066,1905
4/21/2020,199799,9450,2194,,331,76,11,9710,2115
4/22/2020,212260,12461,2716,,478,147,17,12752,2647
4/23/2020,223037,10777,2407,,951,473,31,10884,2541
4/24/2020,235392,12355,2283,,1849,898,82,12398,2506
4/25/2020,243621,8229,1496,,2336,487,25,8433,1833
4/26/2020,248504,4883,847,,2791,455,36,4798,1409
4/27/2020,259465,10961,2130,,3934,1143,79,10864,2932
4/28/2020,271720,12255,2107,,5357,1423,83,12282,2994
4/29/2020,284340,12620,2189,,7066,1709,105,12595,2923
4/30/2020,298081,13741,2048,,8444,1378,116,13746,3133
5/1/2020,312167,14086,2084,,10221,1777,130,14008,3285
5/2/2020,319423,7256,1031,,10815,594,57,7329,1868
5/3/2020,324510,5087,735,,11219,404,42,5039,1422
5/4/2020,336581,12071,1881,,13239,2020,162,11927,3517
5/5/2020,349207,12626,1738,,15216,1977,157,12453,3563
5/6/2020,362498,13291,1700,,17196,1980,184,13079,3606
5/7/2020,375967,13469,1683,,19264,2068,173,13439,3654
5/8/2020,389264,13297,1460,,21150,1886,136,13245,3698
5/9/2020,395088,5824,683,,21779,629,38,5715,1973
5/10/2020,398248,3160,386,,22133,354,77,3083,1475
5/11/2020,410071,11823,1311,,23976,1843,162,11627,4014
5/12/2020,423370,13299,1456,,25849,1873,148,13086,4272
5/13/2020,437348,13978,1321,,27595,1746,178,13786,4136
5/14/2020,450758,13410,1316,,29226,1631,165,13202,4180
5/15/2020,464548,13790,1108,,30842,1616,141,13590,4180
5/16/2020,471655,7107,650,,31377,535,51,6984,2343
5/17/2020,475944,4289,363,115,31735,358,54,4228,1622
5/18/2020,489307,13363,1317,1,33363,1628,137,13138,4396
5/19/2020,501687,12380,1080,0,35068,1705,164,12225,4471
5/20/2020,514557,12870,1022,0,36926,1858,149,12644,4290
5/21/2020,526347,11790,978,0,38626,1700,193,11596,4411
5/22/2020,537378,11031,866,0,40264,1638,158,10852,3934
5/23/2020,542342,4964,390,0,40682,418,41,4895,1814
5/24/2020,546425,4083,301,0,40994,312,41,4012,1529
5/25/2020,549531,3106,198,0,41322,328,49,3071,1485
5/26/2020,560770,11239,867,0,42835,1513,130,11083,4355
5/27/2020,570971,10201,694,0,44270,1435,152,10074,3869
5/28/2020,580388,9417,646,0,45558,1288,176,9285,3581
5/29/2020,590482,10094,533,0,46876,1318,138,9971,3506
5/30/2020,596275,5793,270,0,47135,259,34,5744,1809
5/31/2020,599982,3707,162,0,47320,185,38,3662,1400
6/1/2020,609492,9510,508,0,48458,1138,164,9395,3496
6/2/2020,618964,9472,447,0,49555,1097,88,9371,3704
6/3/2020,628523,9559,462,0,50718,1163,129,9418,3693
6/4/2020,637128,8605,383,0,51778,1060,90,8507,3518
6/5/2020,645647,8519,339,0,52980,1202,149,8442,3082
6/6/2020,650225,4578,149,0,53267,287,33,4562,1702
6/7/2020,653781,3556,151,0,53440,173,24,3513,1462
6/8/2020,664485,10704,355,0,54445,1005,100,10651,3291
6/9/2020,675510,11025,345,0,55609,1164,109,10923,3430
6/10/2020,685810,10300,257,0,56800,1191,136,10252,3201
6/11/2020,696156,10346,229,0,58027,1227,105,10296,2800
6/12/2020,706264,10108,257,0,59261,1234,85,10048,3000
6/13/2020,711089,4825,98,0,59487,226,21,4805,1666
6/14/2020,714832,3743,77,0,59660,173,25,3721,1354
6/15/2020,725650,10818,235,0,60829,1169,114,10763,3426
6/16/2020,736131,10481,200,0,62023,1194,87,10434,3326
6/17/2020,750647,14516,248,0,63245,1222,115,14483,3434
6/18/2020,764872,14225,242,0,64608,1363,90,14181,3179
6/19/2020,773794,8922,176,0,65730,1122,83,8884,2779
6/20/2020,779237,5443,93,0,65995,265,16,5432,1848
6/21/2020,783122,3885,79,0,66137,142,16,3875,1352
6/22/2020,793273,10151,228,0,67240,1103,97,10107,3558
6/23/2020,803883,10610,189,0,68529,1289,129,10583,3556
6/24/2020,814597,10714,211,0,69844,1315,99,10668,3384
6/25/2020,824176,9579,206,0,71041,1197,108,9536,3121
6/26/2020,834418,10242,200,0,72286,1245,104,10233,3027
6/27/2020,840514,6096,134,0,72526,240,18,6073,1817
6/28/2020,845209,4695,70,0,72744,218,19,4698,1610
6/29/2020,857469,12260,202,0,73869,1125,100,12242,3930
6/30/2020,869902,12433,220,0,75092,1223,111,12377,3787
7/1/2020,880829,10927,218,0,76186,1094,103,10904,3640
7/2/2020,891139,10310,224,0,77294,1108,119,10294,3632
7/3/2020,897219,6080,98,0,77723,429,61,6070,2300
7/4/2020,900191,2972,62,0,77838,115,9,2962,1316
7/5/2020,905052,4861,101,0,77956,118,23,4844,1867
7/6/2020,917680,12628,241,0,78873,917,94,12583,4460
7/7/2020,932611,14931,240,0,79937,1064,117,14884,4830
7/8/2020,946997,14386,215,0,80883,946,89,14353,5147
7/9/2020,959834,12837,252,0,81853,970,116,12775,4909
7/10/2020,972912,13078,228,0,83004,1151,143,13048,5046
7/11/2020,980369,7457,117,0,83292,288,34,7435,2680
7/12/2020,985460,5091,89,0,83476,184,32,5075,1887
7/13/2020,1000186,14726,267,0,84532,1056,116,14666,5208
7/14/2020,1015260,15074,227,0,85516,984,91,15032,5758
7/15/2020,1030389,15129,298,0,86451,935,104,15089,5602
7/16/2020,1042640,12251,236,0,87379,928,108,12174,4875
7/17/2020,1054564,11924,209,0,88356,977,143,11870,4832
7/18/2020,1062478,7914,124,0,88640,284,62,7883,2798
7/19/2020,1067881,5403,68,0,88759,119,24,5392,2004
7/20/2020,1080177,12296,259,0,89667,908,74,12231,4502
7/21/2020,1093656,13479,218,0,90632,965,114,13444,5001
7/22/2020,1105530,11874,222,0,91575,943,117,11826,4681
7/23/2020,1117883,12353,209,0,92453,878,149,12302,5617
7/24/2020,1128541,10658,226,0,93204,751,100,10609,4393
7/25/2020,1135663,7122,135,0,93330,126,6,7089,3057
7/26/2020,1139775,4112,92,0,93422,92,7,4083,1983
7/27/2020,1146701,6926,145,0,94092,670,49,6893,3445
7/28/2020,1149210,2509,73,0,94348,256,18,2495,1417
7/29/2020,1149230,20,0,0,94348,0,0,20,19
