Date,Positive Total,Positive New,Probable Total,Probable New
1/29/2020,1,1,0,0
1/30/2020,1,0,0,0
1/31/2020,1,0,0,0
2/1/2020,1,0,0,0
2/2/2020,1,0,0,0
2/3/2020,1,0,0,0
2/4/2020,1,0,0,0
2/5/2020,1,0,0,0
2/6/2020,2,1,0,0
2/7/2020,2,0,0,0
2/8/2020,2,0,0,0
2/9/2020,2,0,0,0
2/10/2020,2,0,0,0
2/11/2020,2,0,0,0
2/12/2020,2,0,0,0
2/13/2020,2,0,0,0
2/14/2020,2,0,0,0
2/15/2020,2,0,0,0
2/16/2020,2,0,0,0
2/17/2020,2,0,0,0
2/18/2020,2,0,0,0
2/19/2020,2,0,0,0
2/20/2020,2,0,0,0
2/21/2020,2,0,0,0
2/22/2020,2,0,0,0
2/23/2020,2,0,0,0
2/24/2020,2,0,0,0
2/25/2020,2,0,0,0
2/26/2020,2,0,0,0
2/27/2020,2,0,0,0
2/28/2020,2,0,0,0
2/29/2020,2,0,0,0
3/1/2020,3,1,3,3
3/2/2020,3,0,5,2
3/3/2020,4,1,8,3
3/4/2020,6,2,9,1
3/5/2020,14,8,12,3
3/6/2020,28,14,12,0
3/7/2020,72,44,15,3
3/8/2020,91,19,20,5
3/9/2020,96,5,24,4
3/10/2020,110,14,30,6
3/11/2020,132,22,35,5
3/12/2020,161,29,39,4
3/13/2020,222,61,44,5
3/14/2020,295,73,48,4
3/15/2020,363,68,54,6
3/16/2020,513,150,57,3
3/17/2020,762,249,65,8
3/18/2020,1021,259,72,7
3/19/2020,1299,278,78,6
3/20/2020,1687,388,89,11
3/21/2020,2008,321,98,9
3/22/2020,2294,286,102,4
3/23/2020,2903,609,113,11
3/24/2020,3621,718,124,11
3/25/2020,4367,746,135,11
3/26/2020,5303,936,140,5
3/27/2020,6246,943,147,7
3/28/2020,6900,654,155,8
3/29/2020,7423,523,160,5
3/30/2020,8661,1238,162,2
3/31/2020,9927,1266,167,5
4/1/2020,11264,1337,172,5
4/2/2020,12542,1278,178,6
4/3/2020,14022,1480,186,8
4/4/2020,15185,1163,192,6
4/5/2020,16162,977,201,9
4/6/2020,18094,1932,206,5
4/7/2020,20116,2022,215,9
4/8/2020,21979,1863,224,9
4/9/2020,23957,1978,235,11
4/10/2020,26011,2054,243,8
4/11/2020,27308,1297,250,7
4/12/2020,28237,929,263,13
4/13/2020,30239,2002,269,6
4/14/2020,33109,2870,274,5
4/15/2020,35708,2599,288,14
4/16/2020,38097,2389,296,8
4/17/2020,41103,3006,314,18
4/18/2020,42584,1481,321,7
4/19/2020,43674,1090,325,4
4/20/2020,46368,2694,338,13
4/21/2020,48562,2194,356,18
4/22/2020,51278,2716,386,30
4/23/2020,53685,2407,413,27
4/24/2020,55968,2283,478,65
4/25/2020,57464,1496,501,23
4/26/2020,58311,847,531,30
4/27/2020,60441,2130,602,71
4/28/2020,62548,2107,665,63
4/29/2020,64738,2190,748,83
4/30/2020,66786,2048,849,101
5/1/2020,68870,2084,944,95
5/2/2020,69901,1031,1002,58
5/3/2020,70636,735,1035,33
5/4/2020,72517,1881,1171,136
5/5/2020,74255,1738,1299,128
5/6/2020,75955,1700,1440,141
5/7/2020,77638,1683,1561,121
5/8/2020,79098,1460,1655,94
5/9/2020,79782,684,1688,33
5/10/2020,80168,386,1750,62
5/11/2020,81479,1311,1861,111
5/12/2020,82935,1456,1980,119
5/13/2020,84254,1319,2111,131
5/14/2020,85570,1316,2238,127
5/15/2020,86678,1108,2334,96
5/16/2020,87328,650,2372,38
5/17/2020,87691,363,2419,47
5/18/2020,89008,1317,2520,101
5/19/2020,90088,1080,2641,121
5/20/2020,91110,1022,2747,106
5/21/2020,92088,978,2887,140
5/22/2020,92954,866,2996,109
5/23/2020,93344,390,3033,37
5/24/2020,93646,302,3072,39
5/25/2020,93844,198,3129,57
5/26/2020,94711,867,3230,101
5/27/2020,95405,694,3337,107
5/28/2020,96051,646,3455,118
5/29/2020,96584,533,3548,93
5/30/2020,96854,270,3584,36
5/31/2020,97016,162,3618,34
6/1/2020,97524,508,3683,65
6/2/2020,97971,447,3734,51
6/3/2020,98433,462,3806,72
6/4/2020,98816,383,3858,52
6/5/2020,99155,339,3952,94
6/6/2020,99304,149,3984,32
6/7/2020,99455,151,4004,20
6/8/2020,99810,355,4075,71
6/9/2020,100154,344,4155,80
6/10/2020,100411,257,4259,104
6/11/2020,100640,229,4335,76
6/12/2020,100897,257,4387,52
6/13/2020,100995,98,4406,19
6/14/2020,101072,77,4433,27
6/15/2020,101307,235,4509,76
6/16/2020,101507,200,4569,60
6/17/2020,101755,248,4657,88
6/18/2020,101997,242,4727,70
6/19/2020,102173,176,4784,57
6/20/2020,102266,93,4803,19
6/21/2020,102345,79,4818,15
6/22/2020,102573,228,4886,68
6/23/2020,102763,190,4973,87
6/24/2020,102974,211,5041,68
6/25/2020,103180,206,5120,79
6/26/2020,103381,201,5197,77
6/27/2020,103515,134,5218,21
6/28/2020,103585,70,5238,20
6/29/2020,103786,201,5307,69
6/30/2020,104006,220,5404,97
7/1/2020,104224,218,5513,109
7/2/2020,104448,224,5615,102
7/3/2020,104545,97,5673,58
7/4/2020,104607,62,5687,14
7/5/2020,104707,100,5721,34
7/6/2020,104947,240,5787,66
7/7/2020,105188,241,5889,102
7/8/2020,105403,215,5968,79
7/9/2020,105655,252,6061,93
7/10/2020,105883,228,6196,135
7/11/2020,106000,117,6238,42
7/12/2020,106089,89,6279,41
7/13/2020,106356,267,6392,113
7/14/2020,106585,229,6466,74
7/15/2020,106882,297,6558,92
7/16/2020,107126,244,6649,91
7/17/2020,107346,220,6766,117
7/18/2020,107473,127,6837,71
7/19/2020,107545,72,6885,48
7/20/2020,107822,277,6955,70
7/21/2020,108071,249,7073,118
7/22/2020,108312,241,7182,109
7/23/2020,108536,224,7352,170
7/24/2020,108774,238,7454,102
7/25/2020,108914,140,7475,21
7/26/2020,109010,96,7516,41
7/27/2020,109331,321,7662,146
7/28/2020,109580,249,7748,86
7/29/2020,109715,135,7800,52
7/30/2020,109787,72,7823,23
7/31/2020,109787,0,7825,2
