Date,Molecular Total,Molecular New,Molecular Positive New,Molecular Missing,Serology Total,Serology New,Serology Positive New,First Molecular Test per person,Repeat Molecular Tests
1/22/2020,1,1,0,,0,0,0,1,0
1/23/2020,2,1,0,,0,0,0,1,0
1/24/2020,2,0,0,,0,0,0,0,0
1/25/2020,2,0,0,,0,0,0,0,0
1/26/2020,2,0,0,,0,0,0,0,0
1/27/2020,3,1,0,,0,0,0,1,0
1/28/2020,3,0,0,,0,0,0,0,0
1/29/2020,4,1,1,,0,0,0,1,0
1/30/2020,4,0,0,,0,0,0,0,0
1/31/2020,4,0,0,,0,0,0,0,0
2/1/2020,4,0,0,,0,0,0,0,0
2/2/2020,4,0,0,,0,0,0,0,0
2/3/2020,7,3,0,,0,0,0,3,0
2/4/2020,9,2,0,,0,0,0,2,0
2/5/2020,9,0,0,,0,0,0,0,0
2/6/2020,10,1,1,,0,0,0,1,0
2/7/2020,10,0,0,,0,0,0,0,0
2/8/2020,11,1,0,,0,0,0,1,0
2/9/2020,11,0,0,,0,0,0,0,0
2/10/2020,11,0,0,,0,0,0,0,1
2/11/2020,11,0,0,,0,0,0,0,0
2/12/2020,11,0,0,,0,0,0,1,0
2/13/2020,11,0,0,,0,0,0,0,0
2/14/2020,11,0,0,,0,0,0,0,0
2/15/2020,11,0,0,,0,0,0,0,0
2/16/2020,11,0,0,,0,0,0,0,0
2/17/2020,11,0,0,,0,0,0,0,0
2/18/2020,11,0,0,,0,0,0,0,0
2/19/2020,11,0,0,,0,0,0,0,0
2/20/2020,11,0,0,,0,0,0,0,1
2/21/2020,11,0,0,,0,0,0,0,0
2/22/2020,11,0,0,,0,0,0,0,0
2/23/2020,11,0,0,,0,0,0,0,0
2/24/2020,11,0,0,,1,1,0,0,2
2/25/2020,11,0,0,,1,0,0,0,0
2/26/2020,11,0,0,,1,0,0,0,0
2/27/2020,11,0,0,,1,0,0,0,0
2/28/2020,12,1,0,,1,0,0,0,2
2/29/2020,13,1,0,,1,0,0,1,0
3/1/2020,15,2,1,,1,0,0,2,2
3/2/2020,18,3,0,,1,0,0,3,3
3/3/2020,32,14,1,,2,1,0,14,1
3/4/2020,51,19,2,,2,0,0,19,3
3/5/2020,83,32,8,,2,0,0,33,3
3/6/2020,122,39,14,,2,0,0,43,7
3/7/2020,206,84,44,,2,0,0,86,14
3/8/2020,260,54,19,,2,0,0,53,7
3/9/2020,333,73,5,,2,0,0,76,5
3/10/2020,438,105,14,,2,0,0,104,6
3/11/2020,611,173,22,,2,0,0,176,6
3/12/2020,1029,418,29,,2,0,0,426,7
3/13/2020,1970,941,61,,2,0,0,973,14
3/14/2020,2870,900,73,,2,0,0,920,15
3/15/2020,3900,1030,68,,2,0,0,1058,26
3/16/2020,6045,2145,150,,2,0,0,2218,18
3/17/2020,8726,2681,249,,2,0,0,2763,28
3/18/2020,11711,2985,259,,2,0,0,3074,156
3/19/2020,14615,2904,278,,2,0,0,2999,142
3/20/2020,18261,3646,388,,2,0,0,3753,123
3/21/2020,20794,2533,321,,2,0,0,2603,168
3/22/2020,22690,1896,286,,2,0,0,1944,158
3/23/2020,26477,3787,609,,2,0,0,3895,202
3/24/2020,30475,3998,719,,2,0,0,4115,207
3/25/2020,34578,4103,746,,2,0,0,4216,269
3/26/2020,39000,4422,936,,2,0,0,4540,299
3/27/2020,43371,4371,943,,2,0,0,4474,342
3/28/2020,46173,2802,655,,2,0,0,2871,332
3/29/2020,48242,2069,523,,2,0,0,2155,318
3/30/2020,53299,5057,1238,,2,0,0,5174,416
3/31/2020,58537,5238,1265,,2,0,0,5459,472
4/1/2020,63463,4926,1337,,2,0,0,5113,463
4/2/2020,68682,5219,1278,,5,3,1,5411,597
4/3/2020,74435,5753,1480,,5,0,0,5961,626
4/4/2020,78428,3993,1163,,9,4,1,4065,690
4/5/2020,81851,3423,976,,9,0,0,3575,538
4/6/2020,88523,6672,1932,,13,4,0,6842,775
4/7/2020,95093,6570,2023,,17,4,0,6685,954
4/8/2020,101898,6805,1864,,19,2,0,7004,964
4/9/2020,108335,6437,1979,,41,22,2,6766,1032
4/10/2020,115924,7589,2054,,41,0,0,7799,1052
4/11/2020,120292,4368,1296,,42,1,0,4505,801
4/12/2020,123376,3084,930,,45,3,2,3152,699
4/13/2020,129715,6339,2004,,53,8,0,6433,1106
4/14/2020,139481,9766,2873,,62,9,2,9881,1468
4/15/2020,149422,9941,2600,,72,10,2,10227,1442
4/16/2020,158344,8922,2389,,93,21,0,8999,1702
4/17/2020,169449,11105,3009,,173,80,5,11464,1749
4/18/2020,175498,6049,1483,,181,8,3,6374,1107
4/19/2020,180097,4599,1090,,191,10,1,4670,925
4/20/2020,190901,10804,2695,,255,64,6,11081,1891
4/21/2020,200373,9472,2195,,331,76,11,9720,2109
4/22/2020,212867,12494,2716,,479,148,17,12767,2629
4/23/2020,223674,10807,2413,,953,474,31,10898,2529
4/24/2020,236042,12368,2282,,1853,900,82,12396,2494
4/25/2020,244302,8260,1497,,2340,487,25,8444,1821
4/26/2020,249194,4892,848,,2795,455,36,4805,1402
4/27/2020,260185,10991,2131,,3939,1144,79,10881,2915
4/28/2020,272465,12280,2108,,5363,1424,83,12294,2984
4/29/2020,285120,12655,2190,,7072,1709,105,12614,2907
4/30/2020,298889,13769,2049,,8450,1378,116,13760,3119
5/1/2020,313012,14123,2085,,10226,1776,129,14032,3265
5/2/2020,320294,7282,1034,,10821,595,57,7346,1852
5/3/2020,325404,5110,735,,11225,404,42,5054,1409
5/4/2020,337536,12132,1887,,13210,1985,161,11975,3473
5/5/2020,350212,12676,1740,,15153,1943,157,12489,3529
5/6/2020,363564,13352,1710,,17085,1932,184,13115,3571
5/7/2020,377078,13514,1687,,19134,2049,173,13473,3620
5/8/2020,390421,13343,1462,,20992,1858,136,13264,3669
5/9/2020,396256,5835,684,,21615,623,38,5722,1963
5/10/2020,399425,3169,386,,21967,352,77,3093,1465
5/11/2020,411309,11884,1318,,23782,1815,162,11659,3988
5/12/2020,424663,13354,1459,,25635,1853,148,13124,4237
5/13/2020,438705,14042,1326,,27347,1712,178,13844,4084
5/14/2020,452201,13496,1321,,28953,1606,165,13264,4126
5/15/2020,466021,13820,1110,,30548,1595,141,13611,4156
5/16/2020,473159,7138,655,,31078,530,51,7007,2323
5/17/2020,477468,4309,367,115,31434,356,54,4245,1606
5/18/2020,490900,13432,1323,1,33023,1589,137,13193,4346
5/19/2020,503345,12445,1088,0,34700,1677,164,12288,4410
5/20/2020,516244,12899,1026,0,36524,1824,149,12666,4254
5/21/2020,528136,11892,990,0,38155,1631,191,11694,4314
5/22/2020,539209,11073,875,0,39755,1600,158,10890,3899
5/23/2020,544190,4981,393,0,40168,413,41,4908,1804
5/24/2020,548280,4090,303,0,40475,307,41,4018,1523
5/25/2020,551398,3118,200,0,40801,326,49,3078,1479
5/26/2020,562678,11280,883,0,42278,1477,129,11119,4323
5/27/2020,572916,10238,710,0,43695,1417,152,10099,3847
5/28/2020,582361,9445,652,0,44958,1263,176,9305,3556
5/29/2020,592486,10125,532,0,46246,1288,138,9996,3465
5/30/2020,598288,5802,274,0,46504,258,34,5758,1796
5/31/2020,602005,3717,163,0,46687,183,38,3673,1392
6/1/2020,611544,9539,514,0,47801,1114,164,9421,3475
6/2/2020,621028,9484,447,0,48866,1065,88,9382,3693
6/3/2020,630633,9605,469,0,49976,1110,126,9473,3642
6/4/2020,639273,8640,391,0,50995,1019,90,8544,3482
6/5/2020,647813,8540,343,0,52177,1182,149,8459,3068
6/6/2020,652399,4586,149,0,52457,280,33,4571,1692
6/7/2020,655954,3555,151,0,52628,171,24,3510,1458
6/8/2020,666686,10732,359,0,53602,974,100,10672,3267
6/9/2020,677759,11073,350,0,54734,1132,109,10971,3382
6/10/2020,688107,10348,260,0,55894,1160,135,10289,3174
6/11/2020,698475,10368,229,0,57082,1188,105,10308,2793
6/12/2020,708626,10151,260,0,58271,1189,82,10085,2973
6/13/2020,713474,4848,98,0,58489,218,21,4826,1665
6/14/2020,717236,3762,76,0,58661,172,25,3739,1350
6/15/2020,728108,10872,235,0,59792,1131,100,10810,3408
6/16/2020,738636,10528,200,0,60961,1169,83,10475,3306
6/17/2020,753166,14530,249,0,62147,1186,102,14480,3422
6/18/2020,767430,14264,242,0,63479,1332,82,14210,3164
6/19/2020,776398,8968,177,0,64570,1091,74,8921,2766
6/20/2020,781877,5479,94,0,64833,263,16,5466,1846
6/21/2020,785770,3893,79,0,64973,140,16,3880,1346
6/22/2020,795961,10191,230,0,66036,1063,83,10144,3513
6/23/2020,806625,10664,186,0,67277,1241,122,10626,3534
6/24/2020,817382,10757,211,0,68554,1277,92,10703,3336
6/25/2020,826978,9596,205,0,69706,1152,100,9546,3088
6/26/2020,837249,10271,203,0,70904,1198,91,10246,3003
6/27/2020,843375,6126,134,0,71141,237,15,6100,1816
6/28/2020,848100,4725,70,0,71357,216,18,4715,1609
6/29/2020,860392,12292,200,0,72452,1095,93,12258,3882
6/30/2020,872793,12401,211,0,73642,1190,106,12341,3756
7/1/2020,883605,10812,217,0,74691,1049,93,10778,3565
7/2/2020,893366,9761,215,0,75703,1012,92,9725,3334
7/3/2020,897706,4340,66,0,76132,429,55,4327,1915
7/4/2020,900245,2539,52,0,76237,105,7,2528,1209
7/5/2020,903890,3645,72,0,76355,118,25,3627,1607
7/6/2020,913021,9131,150,0,77213,858,83,9086,3496
7/7/2020,922965,9944,134,0,78177,964,97,9916,3371
7/8/2020,930068,7103,124,0,78862,685,52,7079,3123
7/9/2020,932788,2720,48,0,79073,211,21,2711,1488
7/10/2020,932796,8,0,0,79073,0,0,8,10
