Date,Molecular Total,Molecular New,Molecular Positive New,Molecular Missing,Serology Total,Serology New,Serology Positive New,First Molecular Test per person,Repeat Molecular Tests
1/22/2020,1,1,0,,0,0,0,1,0
1/23/2020,2,1,0,,0,0,0,1,0
1/24/2020,2,0,0,,1,1,0,0,0
1/25/2020,2,0,0,,1,0,0,0,0
1/26/2020,2,0,0,,1,0,0,0,0
1/27/2020,3,1,0,,1,0,0,1,0
1/28/2020,3,0,0,,1,0,0,0,0
1/29/2020,4,1,1,,1,0,0,1,0
1/30/2020,4,0,0,,1,0,0,0,0
1/31/2020,4,0,0,,1,0,0,0,0
2/1/2020,4,0,0,,1,0,0,0,0
2/2/2020,4,0,0,,1,0,0,0,0
2/3/2020,7,3,0,,1,0,0,3,0
2/4/2020,9,2,0,,1,0,0,2,0
2/5/2020,9,0,0,,1,0,0,0,0
2/6/2020,10,1,1,,1,0,0,1,0
2/7/2020,10,0,0,,1,0,0,0,0
2/8/2020,11,1,0,,1,0,0,1,0
2/9/2020,11,0,0,,1,0,0,0,0
2/10/2020,11,0,0,,1,0,0,0,1
2/11/2020,11,0,0,,1,0,0,0,0
2/12/2020,11,0,0,,1,0,0,1,0
2/13/2020,11,0,0,,1,0,0,0,0
2/14/2020,11,0,0,,1,0,0,0,0
2/15/2020,11,0,0,,1,0,0,0,0
2/16/2020,11,0,0,,1,0,0,0,0
2/17/2020,11,0,0,,1,0,0,0,0
2/18/2020,11,0,0,,1,0,0,0,0
2/19/2020,11,0,0,,1,0,0,0,0
2/20/2020,11,0,0,,1,0,0,0,1
2/21/2020,11,0,0,,1,0,0,0,0
2/22/2020,11,0,0,,1,0,0,0,0
2/23/2020,11,0,0,,1,0,0,0,0
2/24/2020,11,0,0,,1,0,0,0,2
2/25/2020,11,0,0,,1,0,0,0,0
2/26/2020,11,0,0,,1,0,0,0,0
2/27/2020,11,0,0,,1,0,0,0,0
2/28/2020,12,1,0,,1,0,0,0,2
2/29/2020,13,1,0,,1,0,0,1,0
3/1/2020,15,2,1,,1,0,0,2,2
3/2/2020,18,3,0,,1,0,0,3,3
3/3/2020,32,14,1,,2,1,0,14,1
3/4/2020,51,19,2,,2,0,0,19,3
3/5/2020,83,32,8,,2,0,0,33,3
3/6/2020,122,39,14,,2,0,0,43,7
3/7/2020,206,84,44,,2,0,0,86,14
3/8/2020,260,54,19,,2,0,0,53,7
3/9/2020,333,73,5,,2,0,0,76,5
3/10/2020,438,105,14,,2,0,0,104,6
3/11/2020,612,174,22,,2,0,0,176,6
3/12/2020,1029,417,29,,2,0,0,425,7
3/13/2020,1968,939,61,,2,0,0,972,14
3/14/2020,2868,900,73,,2,0,0,920,15
3/15/2020,3899,1031,68,,2,0,0,1058,26
3/16/2020,6044,2145,150,,2,0,0,2218,18
3/17/2020,8728,2684,249,,2,0,0,2763,28
3/18/2020,11717,2989,259,,2,0,0,3075,156
3/19/2020,14622,2905,278,,2,0,0,2999,142
3/20/2020,18271,3649,388,,2,0,0,3749,123
3/21/2020,20805,2534,321,,2,0,0,2603,168
3/22/2020,22702,1897,286,,2,0,0,1944,158
3/23/2020,26492,3790,609,,2,0,0,3894,202
3/24/2020,30494,4002,719,,2,0,0,4116,207
3/25/2020,34600,4106,746,,2,0,0,4217,269
3/26/2020,39025,4425,936,,2,0,0,4540,298
3/27/2020,43402,4377,943,,2,0,0,4475,342
3/28/2020,46208,2806,655,,2,0,0,2871,331
3/29/2020,48282,2074,524,,2,0,0,2156,318
3/30/2020,53346,5064,1238,,2,0,0,5174,416
3/31/2020,58584,5238,1265,,2,0,0,5458,471
4/1/2020,63515,4931,1338,,2,0,0,5113,462
4/2/2020,68741,5226,1279,,5,3,1,5412,597
4/3/2020,74502,5761,1481,,5,0,0,5963,626
4/4/2020,78495,3993,1163,,9,4,1,4064,689
4/5/2020,81921,3426,976,,9,0,0,3575,538
4/6/2020,88597,6676,1932,,13,4,0,6843,775
4/7/2020,95182,6585,2024,,17,4,0,6688,951
4/8/2020,101996,6814,1868,,19,2,0,7013,960
4/9/2020,108453,6457,1982,,41,22,2,6780,1023
4/10/2020,116071,7618,2055,,41,0,0,7823,1033
4/11/2020,120456,4385,1297,,42,1,0,4515,794
4/12/2020,123553,3097,930,,45,3,2,3161,693
4/13/2020,129902,6349,2004,,53,8,0,6437,1100
4/14/2020,139683,9781,2875,,62,9,2,9886,1465
4/15/2020,149651,9968,2601,,72,10,2,10230,1442
4/16/2020,158593,8942,2389,,93,21,0,9004,1696
4/17/2020,169736,11143,3010,,173,80,5,11472,1741
4/18/2020,175802,6066,1482,,181,8,3,6374,1107
4/19/2020,180410,4608,1091,,191,10,1,4675,921
4/20/2020,191250,10840,2699,,255,64,6,11100,1876
4/21/2020,200750,9500,2199,,331,76,11,9726,2100
4/22/2020,213296,12546,2718,,479,148,17,12796,2601
4/23/2020,224148,10852,2417,,954,475,31,10913,2513
4/24/2020,236517,12369,2282,,1855,901,82,12378,2483
4/25/2020,244803,8286,1498,,2342,487,25,8445,1818
4/26/2020,249703,4900,848,,2798,456,37,4812,1396
4/27/2020,260718,11015,2128,,3942,1144,79,10892,2898
4/28/2020,273031,12313,2108,,5367,1425,83,12307,2970
4/29/2020,285707,12676,2186,,7077,1710,105,12617,2896
4/30/2020,299526,13819,2049,,8455,1378,116,13800,3084
5/1/2020,313708,14182,2084,,10231,1776,129,14078,3221
5/2/2020,321023,7315,1037,,10826,595,57,7361,1839
5/3/2020,326142,5119,735,,11230,404,42,5064,1399
5/4/2020,338330,12188,1888,,13215,1985,161,12018,3428
5/5/2020,351048,12718,1742,,15158,1943,157,12527,3494
5/6/2020,364434,13386,1711,,17090,1932,184,13145,3542
5/7/2020,377995,13561,1692,,19139,2049,173,13527,3563
5/8/2020,391398,13403,1463,,20997,1858,136,13289,3643
5/9/2020,397247,5849,684,,21621,624,37,5732,1953
5/10/2020,400422,3175,386,,21973,352,77,3099,1460
5/11/2020,412333,11911,1317,,23787,1814,162,11689,3957
5/12/2020,425716,13383,1458,,25640,1853,148,13162,4194
5/13/2020,439797,14081,1330,,27352,1712,178,13896,4032
5/14/2020,453336,13539,1323,,28958,1606,165,13305,4086
5/15/2020,467179,13843,1111,,30554,1596,142,13643,4126
5/16/2020,474332,7153,654,,31084,530,51,7029,2299
5/17/2020,478660,4328,371,115,31440,356,54,4268,1584
5/18/2020,492135,13475,1324,1,33030,1590,137,13241,4301
5/19/2020,504614,12479,1091,0,34707,1677,164,12315,4380
5/20/2020,517533,12919,1031,0,36532,1825,149,12693,4226
5/21/2020,529467,11934,992,0,38163,1631,191,11739,4270
5/22/2020,540579,11112,875,0,39762,1599,158,10929,3861
5/23/2020,545572,4993,393,0,40175,413,41,4920,1792
5/24/2020,549675,4103,304,0,40483,308,41,4027,1515
5/25/2020,552798,3123,200,0,40809,326,49,3082,1476
5/26/2020,564108,11310,886,0,42288,1479,129,11143,4299
5/27/2020,574382,10274,712,0,43707,1419,153,10126,3815
5/28/2020,583842,9460,654,0,44970,1263,176,9318,3532
5/29/2020,593990,10148,534,0,46258,1288,138,10018,3442
5/30/2020,599800,5810,275,0,46517,259,34,5767,1784
5/31/2020,603526,3726,164,0,46699,182,37,3682,1384
6/1/2020,613089,9563,516,0,47814,1115,164,9435,3450
6/2/2020,622596,9507,451,0,48880,1066,88,9408,3664
6/3/2020,632170,9574,477,0,49988,1108,126,9457,3593
6/4/2020,640845,8675,396,0,51009,1021,91,8584,3439
6/5/2020,649409,8564,343,0,52191,1182,149,8472,3053
6/6/2020,653998,4589,149,0,52468,277,32,4570,1688
6/7/2020,657547,3549,151,0,52639,171,24,3502,1448
6/8/2020,668311,10764,365,0,53611,972,101,10697,3232
6/9/2020,679325,11014,351,0,54742,1131,109,10903,3318
6/10/2020,689571,10246,256,0,55901,1159,135,10185,3137
6/11/2020,699908,10337,230,0,57085,1184,105,10272,2739
6/12/2020,709988,10080,254,0,58269,1184,81,10008,2903
6/13/2020,714833,4845,98,0,58483,214,21,4820,1651
6/14/2020,718599,3766,78,0,58655,172,25,3741,1340
6/15/2020,728916,10317,245,0,59766,1111,99,10245,3367
6/16/2020,739033,10117,203,0,60924,1158,83,10057,3250
6/17/2020,753167,14134,254,0,62092,1168,99,14074,3350
6/18/2020,766161,12994,229,0,63390,1298,82,12918,2984
6/19/2020,773512,7351,155,0,64425,1035,68,7311,2407
6/20/2020,777628,4116,67,0,64670,245,13,4105,1563
6/21/2020,780304,2676,53,0,64791,121,14,2661,1073
6/22/2020,782842,2538,71,0,65303,512,37,2526,1274
6/23/2020,782854,12,0,0,65313,10,0,12,13
