Date,Molecular Total,Molecular New,Molecular Positive New,Molecular Missing,Serology Total,Serology New,Serology Positive New,First Molecular Test per person,Repeat Molecular Tests
1/22/2020,1,1,0,,0,0,0,1,0
1/23/2020,2,1,0,,0,0,0,1,0
1/24/2020,2,0,0,,0,0,0,0,0
1/25/2020,2,0,0,,0,0,0,0,0
1/26/2020,2,0,0,,0,0,0,0,0
1/27/2020,3,1,0,,0,0,0,1,0
1/28/2020,3,0,0,,0,0,0,0,0
1/29/2020,4,1,1,,0,0,0,1,0
1/30/2020,4,0,0,,0,0,0,0,0
1/31/2020,4,0,0,,0,0,0,0,0
2/1/2020,4,0,0,,0,0,0,0,0
2/2/2020,4,0,0,,0,0,0,0,0
2/3/2020,7,3,0,,0,0,0,3,0
2/4/2020,9,2,0,,0,0,0,2,0
2/5/2020,9,0,0,,0,0,0,0,0
2/6/2020,10,1,1,,0,0,0,1,0
2/7/2020,10,0,0,,0,0,0,0,0
2/8/2020,11,1,0,,0,0,0,1,0
2/9/2020,11,0,0,,0,0,0,0,0
2/10/2020,11,0,0,,0,0,0,0,1
2/11/2020,11,0,0,,0,0,0,0,0
2/12/2020,11,0,0,,0,0,0,1,0
2/13/2020,11,0,0,,0,0,0,0,0
2/14/2020,11,0,0,,0,0,0,0,0
2/15/2020,11,0,0,,0,0,0,0,0
2/16/2020,11,0,0,,0,0,0,0,0
2/17/2020,11,0,0,,0,0,0,0,0
2/18/2020,11,0,0,,0,0,0,0,0
2/19/2020,11,0,0,,0,0,0,0,0
2/20/2020,11,0,0,,0,0,0,0,1
2/21/2020,11,0,0,,0,0,0,0,0
2/22/2020,11,0,0,,0,0,0,0,0
2/23/2020,11,0,0,,0,0,0,0,0
2/24/2020,11,0,0,,1,1,0,0,2
2/25/2020,11,0,0,,1,0,0,0,0
2/26/2020,11,0,0,,1,0,0,0,0
2/27/2020,11,0,0,,1,0,0,0,0
2/28/2020,12,1,0,,1,0,0,0,2
2/29/2020,13,1,0,,1,0,0,1,0
3/1/2020,15,2,1,,1,0,0,2,2
3/2/2020,18,3,0,,1,0,0,3,3
3/3/2020,32,14,1,,2,1,0,14,1
3/4/2020,51,19,2,,2,0,0,19,3
3/5/2020,83,32,8,,2,0,0,33,3
3/6/2020,121,38,14,,2,0,0,42,7
3/7/2020,205,84,44,,2,0,0,86,14
3/8/2020,259,54,19,,2,0,0,53,7
3/9/2020,331,72,5,,2,0,0,76,5
3/10/2020,435,104,14,,2,0,0,103,6
3/11/2020,608,173,22,,2,0,0,176,6
3/12/2020,1026,418,29,,2,0,0,426,7
3/13/2020,1964,938,61,,2,0,0,971,14
3/14/2020,2863,899,73,,2,0,0,920,15
3/15/2020,3892,1029,68,,2,0,0,1057,27
3/16/2020,6036,2144,150,,2,0,0,2217,18
3/17/2020,8715,2679,249,,2,0,0,2762,28
3/18/2020,11694,2979,259,,2,0,0,3069,157
3/19/2020,14596,2902,278,,2,0,0,2997,142
3/20/2020,18238,3642,388,,2,0,0,3752,124
3/21/2020,20770,2532,321,,2,0,0,2603,168
3/22/2020,22665,1895,286,,2,0,0,1944,158
3/23/2020,26451,3786,609,,2,0,0,3895,202
3/24/2020,30442,3991,718,,2,0,0,4114,207
3/25/2020,34542,4100,746,,2,0,0,4215,269
3/26/2020,38959,4417,936,,2,0,0,4539,299
3/27/2020,43324,4365,943,,2,0,0,4474,342
3/28/2020,46125,2801,655,,2,0,0,2871,332
3/29/2020,48193,2068,523,,2,0,0,2155,318
3/30/2020,53242,5049,1238,,2,0,0,5167,416
3/31/2020,58478,5236,1265,,2,0,0,5459,472
4/1/2020,63399,4921,1337,,2,0,0,5113,463
4/2/2020,68613,5214,1278,,5,3,1,5408,597
4/3/2020,74348,5735,1480,,5,0,0,5948,629
4/4/2020,78335,3987,1163,,9,4,1,4063,690
4/5/2020,81752,3417,977,,9,0,0,3574,539
4/6/2020,88410,6658,1932,,13,4,0,6836,778
4/7/2020,94966,6556,2022,,17,4,0,6672,962
4/8/2020,101763,6797,1863,,19,2,0,6998,969
4/9/2020,108192,6429,1978,,41,22,2,6762,1034
4/10/2020,115771,7579,2054,,42,1,1,7797,1055
4/11/2020,120130,4359,1297,,43,1,0,4502,804
4/12/2020,123155,3025,929,,46,3,2,3096,706
4/13/2020,129418,6263,2002,,54,8,0,6358,1126
4/14/2020,139159,9741,2871,,63,9,2,9863,1482
4/15/2020,149083,9924,2599,,73,10,2,10217,1450
4/16/2020,157994,8911,2389,,94,21,0,8997,1710
4/17/2020,169080,11086,3007,,174,80,5,11455,1755
4/18/2020,175121,6041,1483,,182,8,3,6368,1114
4/19/2020,179710,4589,1090,,192,10,1,4667,929
4/20/2020,190480,10770,2695,,256,64,6,11070,1902
4/21/2020,199933,9453,2194,,332,76,11,9713,2112
4/22/2020,212407,12474,2715,,479,147,17,12760,2639
4/23/2020,223193,10786,2407,,953,474,31,10887,2538
4/24/2020,235540,12347,2283,,1851,898,82,12388,2503
4/25/2020,243774,8234,1496,,2338,487,25,8435,1829
4/26/2020,248661,4887,847,,2793,455,36,4801,1406
4/27/2020,259635,10974,2130,,3936,1143,79,10870,2925
4/28/2020,271896,12261,2107,,5359,1423,83,12288,2989
4/29/2020,284530,12634,2190,,7068,1709,105,12601,2917
4/30/2020,298278,13748,2048,,8446,1378,116,13750,3130
5/1/2020,312373,14095,2084,,10223,1777,130,14015,3278
5/2/2020,319634,7261,1031,,10818,595,57,7333,1865
5/3/2020,324731,5097,735,,11222,404,42,5046,1416
5/4/2020,336816,12085,1881,,13243,2021,162,11937,3508
5/5/2020,349460,12644,1738,,15220,1977,157,12466,3550
5/6/2020,362761,13301,1701,,17200,1980,184,13085,3601
5/7/2020,376238,13477,1683,,19268,2068,173,13444,3649
5/8/2020,389551,13313,1460,,21154,1886,136,13257,3686
5/9/2020,395379,5828,684,,21783,629,38,5718,1970
5/10/2020,398539,3160,386,,22137,354,77,3083,1475
5/11/2020,410376,11837,1311,,23982,1845,162,11637,4005
5/12/2020,423688,13312,1456,,25855,1873,148,13094,4265
5/13/2020,437674,13986,1321,,27601,1746,178,13794,4128
5/14/2020,451104,13430,1316,,29232,1631,165,13214,4169
5/15/2020,464899,13795,1108,,30847,1615,141,13592,4175
5/16/2020,472012,7113,650,,31383,536,51,6987,2341
5/17/2020,476303,4291,363,115,31742,359,54,4230,1620
5/18/2020,489677,13374,1317,1,33370,1628,137,13147,4388
5/19/2020,502073,12396,1080,0,35075,1705,164,12238,4458
5/20/2020,514951,12878,1022,0,36933,1858,149,12647,4287
5/21/2020,526752,11801,978,0,38633,1700,193,11607,4400
5/22/2020,537787,11035,866,0,40271,1638,158,10854,3932
5/23/2020,542756,4969,390,0,40689,418,41,4897,1811
5/24/2020,546839,4083,301,0,41001,312,41,4012,1529
5/25/2020,549945,3106,198,0,41329,328,49,3071,1485
5/26/2020,561188,11243,867,0,42842,1513,130,11085,4353
5/27/2020,571394,10206,694,0,44278,1436,152,10076,3867
5/28/2020,580817,9423,646,0,45566,1288,176,9288,3578
5/29/2020,590914,10097,533,0,46884,1318,138,9975,3502
5/30/2020,596708,5794,270,0,47143,259,34,5747,1806
5/31/2020,600417,3709,162,0,47328,185,38,3664,1398
6/1/2020,609932,9515,508,0,48466,1138,164,9399,3492
6/2/2020,619405,9473,447,0,49563,1097,88,9372,3703
6/3/2020,628973,9568,462,0,50726,1163,129,9425,3686
6/4/2020,637586,8613,383,0,51786,1060,90,8514,3512
6/5/2020,646106,8520,339,0,52989,1203,149,8443,3081
6/6/2020,650686,4580,149,0,53276,287,33,4564,1700
6/7/2020,654244,3558,151,0,53449,173,24,3514,1461
6/8/2020,664953,10709,355,0,54454,1005,100,10654,3288
6/9/2020,675991,11038,345,0,55618,1164,109,10936,3418
6/10/2020,686303,10312,257,0,56809,1191,136,10263,3197
6/11/2020,696656,10353,229,0,58036,1227,105,10300,2799
6/12/2020,706780,10124,257,0,59270,1234,85,10063,2997
6/13/2020,711621,4841,98,0,59496,226,21,4820,1670
6/14/2020,715377,3756,77,0,59669,173,25,3734,1355
6/15/2020,726227,10850,235,0,60837,1168,114,10795,3427
6/16/2020,736729,10502,200,0,62030,1193,86,10454,3326
6/17/2020,751264,14535,248,0,63252,1222,116,14501,3433
6/18/2020,765502,14238,242,0,64614,1362,90,14190,3181
6/19/2020,774447,8945,176,0,65738,1124,84,8904,2782
6/20/2020,779920,5473,93,0,66002,264,16,5461,1852
6/21/2020,783806,3886,79,0,66143,141,16,3875,1352
6/22/2020,793992,10186,229,0,67245,1102,97,10140,3561
6/23/2020,804633,10641,188,0,68531,1286,129,10612,3554
6/24/2020,815374,10741,211,0,69843,1312,99,10694,3387
6/25/2020,824965,9591,206,0,71039,1196,108,9548,3116
6/26/2020,835217,10252,200,0,72281,1242,104,10242,3025
6/27/2020,841340,6123,135,0,72521,240,18,6098,1825
6/28/2020,846050,4710,69,0,72739,218,19,4708,1615
6/29/2020,858345,12295,201,0,73863,1124,100,12273,3924
6/30/2020,870787,12442,217,0,75082,1219,111,12385,3787
7/1/2020,881726,10939,219,0,76174,1092,102,10914,3641
7/2/2020,892042,10316,224,0,77277,1103,119,10299,3630
7/3/2020,898139,6097,98,0,77704,427,61,6086,2301
7/4/2020,901111,2972,62,0,77819,115,9,2962,1316
7/5/2020,905992,4881,101,0,77937,118,23,4864,1869
7/6/2020,918648,12656,241,0,78844,907,94,12608,4464
7/7/2020,933582,14934,240,0,79899,1055,115,14883,4824
7/8/2020,947970,14388,215,0,80834,935,87,14353,5138
7/9/2020,960802,12832,250,0,81789,955,115,12770,4901
7/10/2020,973876,13074,225,0,82920,1131,141,13043,5035
7/11/2020,981334,7458,115,0,83201,281,33,7435,2676
7/12/2020,986424,5090,91,0,83381,180,32,5073,1871
7/13/2020,1001091,14667,261,0,84419,1038,114,14609,5146
7/14/2020,1015842,14751,220,0,85387,968,89,14708,5655
7/15/2020,1030449,14607,249,0,86299,912,103,14569,5473
7/16/2020,1041899,11450,209,0,87201,902,106,11372,4674
7/17/2020,1052858,10959,181,0,88156,955,141,10909,4562
7/18/2020,1060269,7411,117,0,88432,276,61,7382,2685
7/19/2020,1065458,5189,63,0,88546,114,23,5177,1969
7/20/2020,1076336,10878,222,0,89433,887,68,10819,4184
7/21/2020,1086994,10658,175,0,90306,873,60,10626,4240
7/22/2020,1095843,8849,163,0,91106,800,48,8819,3575
7/23/2020,1101279,5436,122,0,91649,543,49,5406,3412
7/24/2020,1103695,2416,36,0,91756,107,13,2404,1534
7/25/2020,1103722,27,0,0,91756,0,0,27,15
