Date,Molecular Total,Molecular New,Molecular Positive New,Molecular Missing,Serology Total,Serology New,Serology Positive New,First Molecular Test per person,Repeat Molecular Tests
1/22/2020,1,1,0,,0,0,0,1,0
1/23/2020,2,1,0,,0,0,0,1,0
1/24/2020,2,0,0,,0,0,0,0,0
1/25/2020,2,0,0,,0,0,0,0,0
1/26/2020,2,0,0,,0,0,0,0,0
1/27/2020,3,1,0,,0,0,0,1,0
1/28/2020,3,0,0,,0,0,0,0,0
1/29/2020,4,1,1,,0,0,0,1,0
1/30/2020,4,0,0,,0,0,0,0,0
1/31/2020,4,0,0,,0,0,0,0,0
2/1/2020,4,0,0,,0,0,0,0,0
2/2/2020,4,0,0,,0,0,0,0,0
2/3/2020,7,3,0,,0,0,0,3,0
2/4/2020,9,2,0,,0,0,0,2,0
2/5/2020,9,0,0,,0,0,0,0,0
2/6/2020,10,1,1,,0,0,0,1,0
2/7/2020,10,0,0,,0,0,0,0,0
2/8/2020,11,1,0,,0,0,0,1,0
2/9/2020,11,0,0,,0,0,0,0,0
2/10/2020,11,0,0,,0,0,0,0,1
2/11/2020,11,0,0,,0,0,0,0,0
2/12/2020,11,0,0,,0,0,0,1,0
2/13/2020,11,0,0,,0,0,0,0,0
2/14/2020,11,0,0,,0,0,0,0,0
2/15/2020,11,0,0,,0,0,0,0,0
2/16/2020,11,0,0,,0,0,0,0,0
2/17/2020,11,0,0,,0,0,0,0,0
2/18/2020,11,0,0,,0,0,0,0,0
2/19/2020,11,0,0,,0,0,0,0,0
2/20/2020,11,0,0,,0,0,0,0,1
2/21/2020,11,0,0,,0,0,0,0,0
2/22/2020,11,0,0,,0,0,0,0,0
2/23/2020,11,0,0,,0,0,0,0,0
2/24/2020,11,0,0,,1,1,0,0,2
2/25/2020,11,0,0,,1,0,0,0,0
2/26/2020,11,0,0,,1,0,0,0,0
2/27/2020,11,0,0,,1,0,0,0,0
2/28/2020,12,1,0,,1,0,0,0,2
2/29/2020,13,1,0,,1,0,0,1,0
3/1/2020,15,2,1,,1,0,0,2,2
3/2/2020,18,3,0,,1,0,0,3,3
3/3/2020,32,14,1,,2,1,0,14,1
3/4/2020,51,19,2,,2,0,0,19,3
3/5/2020,83,32,8,,2,0,0,33,3
3/6/2020,121,38,14,,2,0,0,42,7
3/7/2020,205,84,44,,2,0,0,86,14
3/8/2020,259,54,19,,2,0,0,53,7
3/9/2020,331,72,5,,2,0,0,76,5
3/10/2020,435,104,14,,2,0,0,103,6
3/11/2020,608,173,22,,2,0,0,176,6
3/12/2020,1026,418,29,,2,0,0,426,7
3/13/2020,1963,937,61,,2,0,0,971,14
3/14/2020,2862,899,73,,2,0,0,920,15
3/15/2020,3889,1027,68,,2,0,0,1057,27
3/16/2020,6031,2142,150,,2,0,0,2217,18
3/17/2020,8708,2677,249,,2,0,0,2762,28
3/18/2020,11686,2978,259,,2,0,0,3069,157
3/19/2020,14585,2899,278,,2,0,0,2996,142
3/20/2020,18224,3639,388,,2,0,0,3751,124
3/21/2020,20753,2529,321,,2,0,0,2603,168
3/22/2020,22647,1894,286,,2,0,0,1943,159
3/23/2020,26430,3783,609,,2,0,0,3895,202
3/24/2020,30420,3990,718,,2,0,0,4114,207
3/25/2020,34518,4098,746,,2,0,0,4215,269
3/26/2020,38933,4415,936,,2,0,0,4538,299
3/27/2020,43295,4362,943,,2,0,0,4473,342
3/28/2020,46094,2799,654,,2,0,0,2870,332
3/29/2020,48162,2068,523,,2,0,0,2155,318
3/30/2020,53208,5046,1238,,2,0,0,5166,416
3/31/2020,58443,5235,1266,,2,0,0,5459,471
4/1/2020,63364,4921,1337,,2,0,0,5113,463
4/2/2020,68575,5211,1278,,5,3,1,5407,597
4/3/2020,74300,5725,1480,,5,0,0,5938,629
4/4/2020,78273,3973,1163,,9,4,1,4054,690
4/5/2020,81677,3404,977,,9,0,0,3563,539
4/6/2020,88305,6628,1932,,13,4,0,6811,783
4/7/2020,94845,6540,2022,,17,4,0,6665,967
4/8/2020,101620,6775,1864,,19,2,0,6980,982
4/9/2020,108035,6415,1978,,41,22,2,6755,1039
4/10/2020,115601,7566,2054,,42,1,1,7792,1060
4/11/2020,119954,4353,1297,,43,1,0,4499,807
4/12/2020,122974,3020,929,,46,3,2,3095,708
4/13/2020,129225,6251,2002,,54,8,0,6347,1133
4/14/2020,138951,9726,2871,,62,8,2,9853,1492
4/15/2020,148839,9888,2599,,72,10,2,10192,1461
4/16/2020,157727,8888,2389,,93,21,0,8986,1720
4/17/2020,168785,11058,3006,,173,80,5,11435,1771
4/18/2020,174792,6007,1481,,181,8,3,6340,1139
4/19/2020,179369,4577,1089,,191,10,1,4659,937
4/20/2020,190098,10729,2692,,255,64,6,11040,1925
4/21/2020,199522,9424,2190,,331,76,11,9691,2133
4/22/2020,211961,12439,2714,,478,147,17,12736,2662
4/23/2020,222726,10765,2408,,951,473,31,10876,2550
4/24/2020,235071,12345,2283,,1849,898,82,12390,2514
4/25/2020,243266,8195,1496,,2336,487,25,8423,1843
4/26/2020,248144,4878,847,,2791,455,36,4794,1413
4/27/2020,259089,10945,2130,,3933,1142,79,10851,2944
4/28/2020,271329,12240,2107,,5355,1422,83,12275,3000
4/29/2020,283912,12583,2190,,7062,1707,105,12577,2938
4/30/2020,297635,13723,2048,,8440,1378,116,13732,3144
5/1/2020,311704,14069,2084,,10217,1777,130,13998,3293
5/2/2020,318943,7239,1031,,10811,594,57,7316,1881
5/3/2020,324027,5084,735,,11215,404,42,5036,1425
5/4/2020,336084,12057,1881,,13235,2020,162,11916,3528
5/5/2020,348688,12604,1738,,15212,1977,157,12441,3575
5/6/2020,361959,13271,1700,,17192,1980,184,13071,3614
5/7/2020,375414,13455,1683,,19259,2067,173,13426,3667
5/8/2020,388683,13269,1460,,21143,1884,136,13222,3721
5/9/2020,394499,5816,684,,21771,628,38,5710,1978
5/10/2020,397656,3157,386,,22125,354,77,3080,1478
5/11/2020,409457,11801,1311,,23968,1843,162,11616,4023
5/12/2020,422733,13276,1456,,25841,1873,148,13072,4286
5/13/2020,436689,13956,1320,,27587,1746,178,13775,4146
5/14/2020,450080,13391,1316,,29218,1631,165,13190,4190
5/15/2020,463850,13770,1107,,30834,1616,141,13578,4192
5/16/2020,470950,7100,650,,31369,535,51,6981,2346
5/17/2020,475236,4286,363,115,31727,358,54,4226,1623
5/18/2020,488575,13339,1317,1,33354,1627,137,13129,4405
5/19/2020,500934,12359,1080,0,35058,1704,164,12213,4484
5/20/2020,513788,12854,1022,0,36919,1861,149,12634,4296
5/21/2020,525561,11773,978,0,38625,1706,193,11583,4420
5/22/2020,536579,11018,866,0,40269,1644,158,10844,3942
5/23/2020,541539,4960,390,0,40690,421,41,4894,1815
5/24/2020,545618,4079,301,0,41004,314,41,4011,1532
5/25/2020,548716,3098,198,0,41334,330,49,3067,1489
5/26/2020,559944,11228,867,0,42853,1519,130,11079,4358
5/27/2020,570138,10194,694,0,44291,1438,153,10071,3872
5/28/2020,579547,9409,646,0,45585,1294,178,9281,3584
5/29/2020,589634,10087,533,0,46909,1324,138,9967,3510
5/30/2020,595426,5792,270,0,47173,264,35,5743,1812
5/31/2020,599131,3705,162,0,47362,189,38,3661,1401
6/1/2020,608636,9505,508,0,48513,1151,165,9392,3501
6/2/2020,618102,9466,447,0,49615,1102,88,9367,3707
6/3/2020,627660,9558,462,0,50778,1163,124,9417,3694
6/4/2020,636258,8598,383,0,51849,1071,91,8502,3523
6/5/2020,644771,8513,339,0,53057,1208,150,8438,3086
6/6/2020,649346,4575,149,0,53345,288,33,4561,1704
6/7/2020,652898,3552,151,0,53518,173,24,3510,1465
6/8/2020,663598,10700,355,0,54530,1012,102,10648,3297
6/9/2020,674612,11014,344,0,55700,1170,109,10915,3437
6/10/2020,684891,10279,257,0,56900,1200,137,10236,3203
6/11/2020,695207,10316,229,0,58132,1232,106,10267,2817
6/12/2020,705281,10074,256,0,59373,1241,85,10016,3000
6/13/2020,710081,4800,98,0,59603,230,22,4782,1661
6/14/2020,713799,3718,77,0,59779,176,25,3696,1349
6/15/2020,724562,10763,235,0,60957,1178,114,10714,3428
6/16/2020,735006,10444,200,0,62164,1207,88,10399,3321
6/17/2020,749502,14496,248,0,63390,1226,115,14467,3434
6/18/2020,763703,14201,241,0,64760,1370,90,14159,3185
6/19/2020,772594,8891,176,0,65886,1126,83,8857,2775
6/20/2020,777983,5389,93,0,66157,271,18,5378,1840
6/21/2020,781865,3882,79,0,66302,145,16,3872,1356
6/22/2020,791964,10099,228,0,67408,1106,98,10057,3557
6/23/2020,802519,10555,190,0,68701,1293,129,10535,3552
6/24/2020,813192,10673,211,0,70023,1322,100,10629,3380
6/25/2020,822759,9567,206,0,71226,1203,109,9526,3119
6/26/2020,832976,10217,201,0,72478,1252,106,10212,3024
6/27/2020,839038,6062,134,0,72721,243,19,6040,1811
6/28/2020,843693,4655,70,0,72942,221,19,4659,1601
6/29/2020,855905,12212,201,0,74072,1130,100,12200,3928
6/30/2020,868298,12393,220,0,75300,1228,111,12339,3782
7/1/2020,879202,10904,218,0,76399,1099,103,10886,3642
7/2/2020,889491,10289,223,0,77516,1117,120,10279,3638
7/3/2020,895547,6056,97,0,77945,429,61,6048,2300
7/4/2020,898518,2971,62,0,78061,116,9,2961,1318
7/5/2020,903333,4815,100,0,78181,120,23,4798,1860
7/6/2020,915903,12570,239,0,79104,923,94,12531,4457
7/7/2020,930827,14924,241,0,80172,1068,117,14883,4831
7/8/2020,945207,14380,216,0,81117,945,89,14351,5154
7/9/2020,958015,12808,252,0,82086,969,116,12756,4931
7/10/2020,971066,13051,228,0,83237,1151,143,13037,5057
7/11/2020,978520,7454,116,0,83525,288,34,7438,2677
7/12/2020,983612,5092,89,0,83709,184,32,5078,1889
7/13/2020,998344,14732,265,0,84764,1055,116,14674,5229
7/14/2020,1013429,15085,231,0,85748,984,91,15051,5762
7/15/2020,1028534,15105,301,0,86682,934,104,15071,5655
7/16/2020,1040966,12432,244,0,87612,930,108,12363,4992
7/17/2020,1053765,12799,224,0,88589,977,142,12747,5073
7/18/2020,1061802,8037,130,0,88873,284,62,8012,2829
7/19/2020,1067259,5457,72,0,88992,119,24,5449,2020
7/20/2020,1079995,12736,283,0,89902,910,75,12671,4600
7/21/2020,1094270,14275,259,0,90938,1036,114,14244,5215
7/22/2020,1107392,13122,256,0,91892,954,119,13076,5065
7/23/2020,1121041,13649,253,0,92781,889,149,13597,6195
7/24/2020,1133299,12258,259,0,93563,782,108,12210,4836
7/25/2020,1141186,7887,160,0,93694,131,6,7865,3223
7/26/2020,1146184,4998,101,0,93788,94,7,4967,2150
7/27/2020,1161981,15797,357,0,94740,952,147,15687,5965
7/28/2020,1179081,17100,312,0,95603,863,120,17002,7747
7/29/2020,1193952,14871,309,0,96453,850,121,14777,6495
7/30/2020,1208541,14589,422,0,97205,752,101,14439,6808
7/31/2020,1221634,13093,272,0,97858,653,96,13028,5874
8/1/2020,1228412,6778,119,0,97979,121,11,6753,2682
8/2/2020,1231629,3217,86,0,98059,80,14,3199,1839
8/3/2020,1234090,2461,39,0,98297,238,16,2449,1511
8/4/2020,1234106,16,1,0,98298,1,0,16,21
