Date of Death,Confirmed Deaths,Confirmed Total,Probable Deaths,Probable Total
3/10/2020,0,0,1,1
3/11/2020,0,0,0,1
3/12/2020,0,0,0,1
3/13/2020,0,0,1,2
3/14/2020,0,0,0,2
3/15/2020,0,0,0,2
3/16/2020,0,0,0,2
3/17/2020,0,0,0,2
3/18/2020,2,2,0,2
3/19/2020,1,3,0,2
3/20/2020,2,5,0,2
3/21/2020,2,7,0,2
3/22/2020,4,11,0,2
3/23/2020,6,17,0,2
3/24/2020,9,26,0,2
3/25/2020,7,33,0,2
3/26/2020,9,42,1,3
3/27/2020,15,57,0,3
3/28/2020,15,72,0,3
3/29/2020,25,97,0,3
3/30/2020,27,124,0,3
3/31/2020,28,152,0,3
4/1/2020,36,188,0,3
4/2/2020,41,229,2,5
4/3/2020,38,267,1,6
4/4/2020,38,305,0,6
4/5/2020,68,373,0,6
4/6/2020,80,453,1,7
4/7/2020,71,524,1,8
4/8/2020,100,624,3,11
4/9/2020,112,736,1,12
4/10/2020,108,844,4,16
4/11/2020,120,964,4,20
4/12/2020,114,1078,6,26
4/13/2020,163,1241,8,34
4/14/2020,122,1363,9,43
4/15/2020,175,1538,7,50
4/16/2020,174,1712,6,56
4/17/2020,168,1880,8,64
4/18/2020,168,2048,7,71
4/19/2020,176,2224,4,75
4/20/2020,173,2397,7,82
4/21/2020,161,2558,0,82
4/22/2020,152,2710,0,82
4/23/2020,191,2901,4,86
4/24/2020,198,3099,4,90
4/25/2020,150,3249,1,91
4/26/2020,152,3401,2,93
4/27/2020,161,3562,6,99
4/28/2020,143,3705,3,102
4/29/2020,166,3871,4,106
4/30/2020,143,4014,2,108
5/1/2020,177,4191,1,109
5/2/2020,143,4334,3,112
5/3/2020,138,4472,4,116
5/4/2020,134,4606,2,118
5/5/2020,137,4743,3,121
5/6/2020,140,4883,7,128
5/7/2020,131,5014,3,131
5/8/2020,111,5125,5,136
5/9/2020,105,5230,6,142
5/10/2020,127,5357,2,144
5/11/2020,126,5483,1,145
5/12/2020,115,5598,3,148
5/13/2020,114,5712,0,148
5/14/2020,99,5811,3,151
5/15/2020,118,5929,2,153
5/16/2020,86,6015,5,158
5/17/2020,82,6097,0,158
5/18/2020,94,6191,1,159
5/19/2020,74,6265,2,161
5/20/2020,83,6348,2,163
5/21/2020,64,6412,4,167
5/22/2020,82,6494,1,168
5/23/2020,69,6563,0,168
5/24/2020,58,6621,2,170
5/25/2020,64,6685,1,171
5/26/2020,71,6756,0,171
5/27/2020,63,6819,2,173
5/28/2020,51,6870,2,175
5/29/2020,57,6927,2,177
5/30/2020,56,6983,1,178
5/31/2020,55,7038,1,179
6/1/2020,34,7072,0,179
6/2/2020,49,7121,0,179
6/3/2020,42,7163,1,180
6/4/2020,43,7206,0,180
6/5/2020,27,7233,0,180
6/6/2020,43,7276,0,180
6/7/2020,37,7313,0,180
6/8/2020,38,7351,0,180
6/9/2020,33,7384,0,180
6/10/2020,33,7417,0,180
6/11/2020,33,7450,1,181
6/12/2020,39,7489,1,182
6/13/2020,26,7515,2,184
6/14/2020,30,7545,0,184
6/15/2020,34,7579,0,184
6/16/2020,16,7595,1,185
6/17/2020,27,7622,0,185
6/18/2020,25,7647,1,186
6/19/2020,30,7677,0,186
6/20/2020,16,7693,0,186
6/21/2020,29,7722,0,186
6/22/2020,19,7741,0,186
6/23/2020,16,7757,1,187
