Date,Molecular Total,Molecular New,Molecular Positive New,Molecular Missing,Serology Total,Serology New,Serology Positive New,First Molecular Test per person,Repeat Molecular Tests
1/22/2020,1,1,0,,0,0,0,1,0
1/23/2020,2,1,0,,0,0,0,1,0
1/24/2020,2,0,0,,1,1,0,0,0
1/25/2020,2,0,0,,1,0,0,0,0
1/26/2020,2,0,0,,1,0,0,0,0
1/27/2020,3,1,0,,1,0,0,1,0
1/28/2020,3,0,0,,1,0,0,0,0
1/29/2020,4,1,1,,1,0,0,1,0
1/30/2020,4,0,0,,1,0,0,0,0
1/31/2020,4,0,0,,1,0,0,0,0
2/1/2020,4,0,0,,1,0,0,0,0
2/2/2020,4,0,0,,1,0,0,0,0
2/3/2020,7,3,0,,1,0,0,3,0
2/4/2020,9,2,0,,1,0,0,2,0
2/5/2020,9,0,0,,1,0,0,0,0
2/6/2020,10,1,1,,1,0,0,1,0
2/7/2020,10,0,0,,1,0,0,0,0
2/8/2020,11,1,0,,1,0,0,1,0
2/9/2020,11,0,0,,1,0,0,0,0
2/10/2020,11,0,0,,1,0,0,0,1
2/11/2020,11,0,0,,1,0,0,0,0
2/12/2020,11,0,0,,1,0,0,1,0
2/13/2020,11,0,0,,1,0,0,0,0
2/14/2020,11,0,0,,1,0,0,0,0
2/15/2020,11,0,0,,1,0,0,0,0
2/16/2020,11,0,0,,1,0,0,0,0
2/17/2020,11,0,0,,1,0,0,0,0
2/18/2020,11,0,0,,1,0,0,0,0
2/19/2020,11,0,0,,1,0,0,0,0
2/20/2020,11,0,0,,1,0,0,0,1
2/21/2020,11,0,0,,1,0,0,0,0
2/22/2020,11,0,0,,1,0,0,0,0
2/23/2020,11,0,0,,1,0,0,0,0
2/24/2020,11,0,0,,1,0,0,0,2
2/25/2020,11,0,0,,1,0,0,0,0
2/26/2020,11,0,0,,1,0,0,0,0
2/27/2020,11,0,0,,1,0,0,0,0
2/28/2020,12,1,0,,1,0,0,0,2
2/29/2020,13,1,0,,1,0,0,1,0
3/1/2020,15,2,1,,1,0,0,2,2
3/2/2020,18,3,0,,1,0,0,3,3
3/3/2020,32,14,1,,2,1,0,14,1
3/4/2020,51,19,2,,2,0,0,19,3
3/5/2020,83,32,8,,2,0,0,33,3
3/6/2020,122,39,14,,2,0,0,43,7
3/7/2020,206,84,44,,2,0,0,86,14
3/8/2020,260,54,19,,2,0,0,53,7
3/9/2020,333,73,5,,2,0,0,76,5
3/10/2020,438,105,14,,2,0,0,104,6
3/11/2020,611,173,22,,2,0,0,176,6
3/12/2020,1029,418,29,,2,0,0,426,7
3/13/2020,1969,940,61,,2,0,0,973,14
3/14/2020,2869,900,73,,2,0,0,920,15
3/15/2020,3899,1030,68,,2,0,0,1058,26
3/16/2020,6044,2145,150,,2,0,0,2218,18
3/17/2020,8726,2682,249,,2,0,0,2763,28
3/18/2020,11713,2987,259,,2,0,0,3075,156
3/19/2020,14618,2905,278,,2,0,0,3000,142
3/20/2020,18267,3649,388,,2,0,0,3753,123
3/21/2020,20801,2534,321,,2,0,0,2603,168
3/22/2020,22698,1897,286,,2,0,0,1944,158
3/23/2020,26488,3790,609,,2,0,0,3895,202
3/24/2020,30486,3998,719,,2,0,0,4115,207
3/25/2020,34590,4104,746,,2,0,0,4216,269
3/26/2020,39012,4422,936,,2,0,0,4540,299
3/27/2020,43384,4372,943,,2,0,0,4475,342
3/28/2020,46186,2802,655,,2,0,0,2871,332
3/29/2020,48256,2070,523,,2,0,0,2155,318
3/30/2020,53315,5059,1238,,2,0,0,5174,416
3/31/2020,58554,5239,1265,,2,0,0,5459,472
4/1/2020,63483,4929,1337,,2,0,0,5114,463
4/2/2020,68702,5219,1277,,5,3,1,5410,597
4/3/2020,74457,5755,1480,,5,0,0,5961,626
4/4/2020,78450,3993,1163,,9,4,1,4065,690
4/5/2020,81873,3423,976,,9,0,0,3575,538
4/6/2020,88547,6674,1932,,13,4,0,6842,775
4/7/2020,95121,6574,2023,,17,4,0,6686,954
4/8/2020,101930,6809,1866,,19,2,0,7009,962
4/9/2020,108374,6444,1980,,41,22,2,6771,1030
4/10/2020,115970,7596,2054,,41,0,0,7807,1046
4/11/2020,120346,4376,1297,,42,1,0,4510,798
4/12/2020,123431,3085,930,,45,3,2,3153,699
4/13/2020,129771,6340,2004,,53,8,0,6435,1104
4/14/2020,139540,9769,2873,,62,9,2,9882,1467
4/15/2020,149483,9943,2600,,72,10,2,10227,1442
4/16/2020,158409,8926,2390,,93,21,0,9000,1701
4/17/2020,169523,11114,3009,,173,80,5,11466,1747
4/18/2020,175573,6050,1483,,181,8,3,6374,1107
4/19/2020,180174,4601,1090,,191,10,1,4671,924
4/20/2020,190979,10805,2695,,255,64,6,11081,1891
4/21/2020,200457,9478,2196,,331,76,11,9723,2107
4/22/2020,212955,12498,2716,,479,148,17,12768,2628
4/23/2020,223768,10813,2413,,954,475,31,10900,2527
4/24/2020,236141,12373,2282,,1854,900,82,12397,2494
4/25/2020,244404,8263,1497,,2341,487,25,8444,1821
4/26/2020,249301,4897,848,,2796,455,36,4808,1400
4/27/2020,260294,10993,2131,,3940,1144,79,10881,2915
4/28/2020,272585,12291,2108,,5364,1424,83,12296,2982
4/29/2020,285243,12658,2190,,7073,1709,105,12615,2906
4/30/2020,299019,13776,2049,,8451,1378,116,13764,3115
5/1/2020,313158,14139,2085,,10227,1776,129,14036,3264
5/2/2020,320445,7287,1035,,10822,595,57,7346,1852
5/3/2020,325556,5111,735,,11226,404,42,5056,1407
5/4/2020,337701,12145,1887,,13211,1985,161,11983,3465
5/5/2020,350388,12687,1740,,15154,1943,157,12496,3522
5/6/2020,363747,13359,1710,,17086,1932,184,13118,3568
5/7/2020,377264,13517,1687,,19135,2049,173,13475,3618
5/8/2020,390618,13354,1462,,20993,1858,136,13266,3667
5/9/2020,396455,5837,684,,21615,622,37,5722,1963
5/10/2020,399625,3170,386,,21967,352,77,3094,1464
5/11/2020,411516,11891,1318,,23782,1815,162,11662,3986
5/12/2020,424885,13369,1461,,25635,1853,148,13132,4230
5/13/2020,438939,14054,1326,,27347,1712,178,13852,4077
5/14/2020,452445,13506,1321,,28953,1606,165,13266,4124
5/15/2020,466272,13827,1110,,30549,1596,142,13617,4150
5/16/2020,473412,7140,654,,31079,530,51,7010,2319
5/17/2020,477723,4311,367,115,31435,356,54,4247,1603
5/18/2020,491168,13445,1323,1,33024,1589,137,13211,4330
5/19/2020,503621,12453,1088,0,34701,1677,164,12296,4402
5/20/2020,516527,12906,1027,0,36526,1825,149,12679,4242
5/21/2020,528423,11896,991,0,38157,1631,191,11702,4307
5/22/2020,539501,11078,875,0,39757,1600,158,10894,3895
5/23/2020,544486,4985,393,0,40170,413,41,4912,1800
5/24/2020,548582,4096,303,0,40477,307,41,4022,1519
5/25/2020,551702,3120,200,0,40803,326,49,3079,1479
5/26/2020,562987,11285,884,0,42281,1478,129,11121,4320
5/27/2020,573228,10241,710,0,43700,1419,153,10102,3845
5/28/2020,582678,9450,652,0,44963,1263,176,9311,3552
5/29/2020,592808,10130,532,0,46251,1288,138,10001,3461
5/30/2020,598611,5803,274,0,46509,258,34,5759,1792
5/31/2020,602330,3719,163,0,46692,183,38,3675,1390
6/1/2020,611876,9546,514,0,47806,1114,164,9426,3469
6/2/2020,621364,9488,447,0,48872,1066,88,9386,3689
6/3/2020,630972,9608,469,0,49982,1110,126,9477,3637
6/4/2020,639618,8646,392,0,51002,1020,90,8552,3474
6/5/2020,648165,8547,343,0,52185,1183,150,8462,3065
6/6/2020,652751,4586,149,0,52465,280,33,4570,1692
6/7/2020,656301,3550,151,0,52636,171,24,3502,1450
6/8/2020,667038,10737,359,0,53609,973,100,10676,3257
6/9/2020,678121,11083,354,0,54741,1132,109,10981,3370
6/10/2020,688470,10349,261,0,55901,1160,135,10291,3170
6/11/2020,698850,10380,230,0,57089,1188,105,10319,2781
6/12/2020,709009,10159,260,0,58279,1190,82,10092,2966
6/13/2020,713860,4851,98,0,58497,218,21,4829,1661
6/14/2020,717622,3762,76,0,58669,172,25,3738,1350
6/15/2020,728492,10870,236,0,59799,1130,100,10805,3404
6/16/2020,738966,10474,200,0,60968,1169,83,10418,3300
6/17/2020,753504,14538,256,0,62154,1186,102,14486,3421
6/18/2020,767774,14270,242,0,63482,1328,82,14213,3159
6/19/2020,776747,8973,180,0,64574,1092,76,8925,2760
6/20/2020,782226,5479,94,0,64837,263,16,5465,1845
6/21/2020,786119,3893,79,0,64977,140,16,3879,1346
6/22/2020,796296,10177,231,0,66040,1063,83,10123,3514
6/23/2020,806876,10580,186,0,67281,1241,121,10539,3520
6/24/2020,817629,10753,208,0,68555,1274,91,10695,3310
6/25/2020,827210,9581,202,0,69704,1149,100,9525,3060
6/26/2020,837442,10232,199,0,70901,1197,91,10201,2955
6/27/2020,843542,6100,131,0,71138,237,15,6072,1803
6/28/2020,848219,4677,69,0,71353,215,18,4667,1605
6/29/2020,859581,11362,176,0,72441,1088,89,11331,3660
6/30/2020,868053,8472,142,0,73604,1163,99,8420,2894
7/1/2020,874333,6280,117,0,74559,955,62,6259,2492
7/2/2020,878605,4272,113,0,75266,707,42,4256,1984
7/3/2020,880305,1700,26,0,75302,36,4,1693,1039
7/4/2020,880320,15,1,0,75302,0,0,15,5
