Date,Molecular Total,Molecular New,Molecular Positive New,Molecular Missing,Serology Total,Serology New,Serology Positive New
1/22/2020,1,1,0,,0,0,0
1/23/2020,2,1,0,,0,0,0
1/24/2020,2,0,0,,1,1,0
1/25/2020,2,0,0,,1,0,0
1/26/2020,2,0,0,,1,0,0
1/27/2020,3,1,0,,1,0,0
1/28/2020,3,0,0,,1,0,0
1/29/2020,4,1,1,,1,0,0
1/30/2020,4,0,0,,1,0,0
1/31/2020,4,0,0,,1,0,0
2/1/2020,4,0,0,,1,0,0
2/2/2020,4,0,0,,1,0,0
2/3/2020,7,3,0,,1,0,0
2/4/2020,9,2,0,,1,0,0
2/5/2020,9,0,0,,1,0,0
2/6/2020,10,1,1,,1,0,0
2/7/2020,10,0,0,,1,0,0
2/8/2020,11,1,0,,1,0,0
2/9/2020,11,0,0,,1,0,0
2/10/2020,11,0,0,,1,0,0
2/11/2020,12,1,0,,1,0,0
2/12/2020,13,1,0,,1,0,0
2/13/2020,13,0,0,,1,0,0
2/14/2020,13,0,0,,1,0,0
2/15/2020,13,0,0,,1,0,0
2/16/2020,13,0,0,,1,0,0
2/17/2020,13,0,0,,1,0,0
2/18/2020,13,0,0,,1,0,0
2/19/2020,13,0,0,,1,0,0
2/20/2020,13,0,0,,1,0,0
2/21/2020,13,0,0,,1,0,0
2/22/2020,13,0,0,,1,0,0
2/23/2020,13,0,0,,1,0,0
2/24/2020,13,0,0,,1,0,0
2/25/2020,13,0,0,,1,0,0
2/26/2020,13,0,0,,1,0,0
2/27/2020,13,0,0,,1,0,0
2/28/2020,14,1,0,,1,0,0
2/29/2020,15,1,0,,1,0,0
3/1/2020,17,2,1,,1,0,0
3/2/2020,20,3,0,,1,0,0
3/3/2020,34,14,1,,2,1,0
3/4/2020,52,18,2,,2,0,0
3/5/2020,84,32,8,,2,0,0
3/6/2020,123,39,14,,2,0,0
3/7/2020,207,84,44,,2,0,0
3/8/2020,261,54,19,,2,0,0
3/9/2020,334,73,5,,2,0,0
3/10/2020,439,105,14,,2,0,0
3/11/2020,613,174,22,,2,0,0
3/12/2020,1030,417,29,,2,0,0
3/13/2020,1970,940,61,,2,0,0
3/14/2020,2870,900,73,,2,0,0
3/15/2020,3902,1032,68,,2,0,0
3/16/2020,6051,2149,150,,2,0,0
3/17/2020,8737,2686,249,,2,0,0
3/18/2020,11729,2992,259,,2,0,0
3/19/2020,14631,2902,277,,2,0,0
3/20/2020,18279,3648,388,,2,0,0
3/21/2020,20812,2533,320,,2,0,0
3/22/2020,22708,1896,286,,2,0,0
3/23/2020,26495,3787,608,,2,0,0
3/24/2020,30492,3997,717,,2,0,0
3/25/2020,34596,4104,744,,2,0,0
3/26/2020,39017,4421,934,,2,0,0
3/27/2020,43392,4375,943,,2,0,0
3/28/2020,46200,2808,655,,2,0,0
3/29/2020,48275,2075,523,,2,0,0
3/30/2020,53339,5064,1236,,2,0,0
3/31/2020,58583,5244,1265,,2,0,0
4/1/2020,63517,4934,1335,,2,0,0
4/2/2020,68751,5234,1279,,5,3,1
4/3/2020,74523,5772,1480,,5,0,0
4/4/2020,78522,3999,1162,,9,4,1
4/5/2020,81958,3436,975,,9,0,0
4/6/2020,88640,6682,1932,,13,4,0
4/7/2020,95239,6599,2024,,17,4,0
4/8/2020,102059,6820,1866,,19,2,0
4/9/2020,108526,6467,1983,,41,22,2
4/10/2020,116161,7635,2053,,41,0,0
4/11/2020,120546,4385,1297,,42,1,0
4/12/2020,123648,3102,930,,45,3,2
4/13/2020,130008,6360,2004,,53,8,0
4/14/2020,139793,9785,2872,,62,9,2
4/15/2020,149785,9992,2601,,70,8,2
4/16/2020,158735,8950,2387,,91,21,0
4/17/2020,169893,11158,3006,,171,80,5
4/18/2020,175975,6082,1480,,179,8,3
4/19/2020,180585,4610,1089,,189,10,1
4/20/2020,191452,10867,2699,,252,63,6
4/21/2020,200966,9514,2199,,328,76,11
4/22/2020,213548,12582,2717,,475,147,17
4/23/2020,224428,10880,2416,,949,474,31
4/24/2020,236812,12384,2281,,1848,899,82
4/25/2020,245117,8305,1497,,2335,487,25
4/26/2020,250022,4905,846,,2791,456,37
4/27/2020,261052,11030,2125,,3933,1142,78
4/28/2020,273387,12335,2108,,5357,1424,83
4/29/2020,286093,12706,2185,,7051,1694,103
4/30/2020,299990,13897,2052,,8418,1367,115
5/1/2020,314211,14221,2086,,10180,1762,124
5/2/2020,321553,7342,1038,,10775,595,57
5/3/2020,326675,5122,734,,11177,402,42
5/4/2020,338906,12231,1888,,13158,1981,160
5/5/2020,351650,12744,1743,,15081,1923,155
5/6/2020,365056,13406,1711,,16988,1907,180
5/7/2020,378668,13612,1695,,18996,2008,172
5/8/2020,392135,13467,1464,,20841,1845,135
5/9/2020,397994,5859,686,,21457,616,37
5/10/2020,401174,3180,387,,21809,352,77
5/11/2020,413106,11932,1317,,23619,1810,162
5/12/2020,426411,13305,1458,,25463,1844,148
5/13/2020,440418,14007,1334,,27169,1706,177
5/14/2020,453913,13495,1326,,28763,1594,164
5/15/2020,467619,13706,1113,,30355,1592,142
5/16/2020,474721,7102,657,,30886,531,51
5/17/2020,478973,4252,373,115,31242,356,54
5/18/2020,492481,13508,1330,1,32829,1587,136
5/19/2020,504992,12511,1098,0,34502,1673,164
5/20/2020,517947,12955,1033,0,36322,1820,149
5/21/2020,529928,11981,998,0,37947,1625,191
5/22/2020,541057,11129,879,0,39530,1583,157
5/23/2020,546057,5000,394,0,39940,410,41
5/24/2020,550163,4106,304,0,40247,307,40
5/25/2020,553295,3132,201,0,40573,326,49
5/26/2020,564633,11338,889,0,42040,1467,127
5/27/2020,574955,10322,719,0,43447,1407,153
5/28/2020,584460,9505,664,0,44705,1258,176
5/29/2020,594637,10177,538,0,45984,1279,138
5/30/2020,600464,5827,276,0,46235,251,34
5/31/2020,604207,3743,171,0,46416,181,37
6/1/2020,613804,9597,529,0,47523,1107,164
6/2/2020,623027,9223,458,0,48579,1056,88
6/3/2020,632180,9153,481,0,49669,1090,122
6/4/2020,640406,8226,408,0,50669,1000,87
6/5/2020,648970,8564,344,0,51810,1141,145
6/6/2020,653570,4600,151,0,52082,272,32
6/7/2020,657132,3562,153,0,52246,164,23
6/8/2020,668933,11801,372,0,53175,929,97
6/9/2020,679504,10571,340,0,54238,1063,102
6/10/2020,686910,7406,195,0,55214,976,103
6/11/2020,689099,2189,78,0,55784,570,45
6/12/2020,689111,12,1,0,55784,0,0
