Date,Molecular Total,Molecular New,Serology Total,Serology New
6/1/2020,599919,7066,45680,202
6/2/2020,605771,5852,46565,885
6/3/2020,614133,8362,47414,849
6/4/2020,621248,7115,48436,1022
6/5/2020,631008,9760,49556,1120
6/6/2020,640808,9840,50575,1019
6/7/2020,648616,7808,51146,571
6/8/2020,653398,4782,51404,258
6/9/2020,658058,4660,52144,740
6/10/2020,668092,10034,53040,896
6/11/2020,678925,10833,54574,1534
6/12/2020,689111,10186,55784,1210
