Date,Molecular Total,Molecular New,Molecular Positive New,Molecular Missing,Serology Total,Serology New,Serology Positive New,First Molecular Test per person,Repeat Molecular Tests
1/22/2020,1,1,0,,0,0,0,1,0
1/23/2020,2,1,0,,0,0,0,1,0
1/24/2020,2,0,0,,1,1,0,0,0
1/25/2020,2,0,0,,1,0,0,0,0
1/26/2020,2,0,0,,1,0,0,0,0
1/27/2020,3,1,0,,1,0,0,1,0
1/28/2020,3,0,0,,1,0,0,0,0
1/29/2020,4,1,1,,1,0,0,1,0
1/30/2020,4,0,0,,1,0,0,0,0
1/31/2020,4,0,0,,1,0,0,0,0
2/1/2020,4,0,0,,1,0,0,0,0
2/2/2020,4,0,0,,1,0,0,0,0
2/3/2020,7,3,0,,1,0,0,3,0
2/4/2020,9,2,0,,1,0,0,2,0
2/5/2020,9,0,0,,1,0,0,0,0
2/6/2020,10,1,1,,1,0,0,1,0
2/7/2020,10,0,0,,1,0,0,0,0
2/8/2020,11,1,0,,1,0,0,1,0
2/9/2020,11,0,0,,1,0,0,0,0
2/10/2020,11,0,0,,1,0,0,0,1
2/11/2020,11,0,0,,1,0,0,0,0
2/12/2020,11,0,0,,1,0,0,1,0
2/13/2020,11,0,0,,1,0,0,0,0
2/14/2020,11,0,0,,1,0,0,0,0
2/15/2020,11,0,0,,1,0,0,0,0
2/16/2020,11,0,0,,1,0,0,0,0
2/17/2020,11,0,0,,1,0,0,0,0
2/18/2020,11,0,0,,1,0,0,0,0
2/19/2020,11,0,0,,1,0,0,0,0
2/20/2020,11,0,0,,1,0,0,0,1
2/21/2020,11,0,0,,1,0,0,0,0
2/22/2020,11,0,0,,1,0,0,0,0
2/23/2020,11,0,0,,1,0,0,0,0
2/24/2020,11,0,0,,1,0,0,0,2
2/25/2020,11,0,0,,1,0,0,0,0
2/26/2020,11,0,0,,1,0,0,0,0
2/27/2020,11,0,0,,1,0,0,0,0
2/28/2020,12,1,0,,1,0,0,0,2
2/29/2020,13,1,0,,1,0,0,1,0
3/1/2020,15,2,1,,1,0,0,2,2
3/2/2020,18,3,0,,1,0,0,3,3
3/3/2020,32,14,1,,2,1,0,14,1
3/4/2020,51,19,2,,2,0,0,19,3
3/5/2020,83,32,8,,2,0,0,33,3
3/6/2020,122,39,14,,2,0,0,43,7
3/7/2020,206,84,44,,2,0,0,86,14
3/8/2020,260,54,19,,2,0,0,53,7
3/9/2020,333,73,5,,2,0,0,76,5
3/10/2020,438,105,14,,2,0,0,104,6
3/11/2020,611,173,22,,2,0,0,176,6
3/12/2020,1029,418,29,,2,0,0,426,7
3/13/2020,1969,940,61,,2,0,0,973,14
3/14/2020,2869,900,73,,2,0,0,920,15
3/15/2020,3899,1030,68,,2,0,0,1058,26
3/16/2020,6044,2145,150,,2,0,0,2218,18
3/17/2020,8726,2682,249,,2,0,0,2763,28
3/18/2020,11714,2988,259,,2,0,0,3075,156
3/19/2020,14619,2905,278,,2,0,0,3000,142
3/20/2020,18268,3649,388,,2,0,0,3753,123
3/21/2020,20802,2534,321,,2,0,0,2603,168
3/22/2020,22699,1897,286,,2,0,0,1944,158
3/23/2020,26489,3790,609,,2,0,0,3895,202
3/24/2020,30487,3998,719,,2,0,0,4115,207
3/25/2020,34591,4104,746,,2,0,0,4216,269
3/26/2020,39015,4424,936,,2,0,0,4540,299
3/27/2020,43387,4372,943,,2,0,0,4475,342
3/28/2020,46189,2802,655,,2,0,0,2871,332
3/29/2020,48259,2070,523,,2,0,0,2155,318
3/30/2020,53318,5059,1238,,2,0,0,5174,416
3/31/2020,58557,5239,1265,,2,0,0,5459,472
4/1/2020,63486,4929,1337,,2,0,0,5114,463
4/2/2020,68705,5219,1277,,5,3,1,5410,597
4/3/2020,74460,5755,1480,,5,0,0,5961,626
4/4/2020,78453,3993,1163,,9,4,1,4065,690
4/5/2020,81876,3423,976,,9,0,0,3575,538
4/6/2020,88550,6674,1932,,13,4,0,6842,775
4/7/2020,95126,6576,2023,,17,4,0,6687,953
4/8/2020,101937,6811,1866,,19,2,0,7009,962
4/9/2020,108381,6444,1980,,41,22,2,6771,1030
4/10/2020,115978,7597,2054,,41,0,0,7810,1043
4/11/2020,120355,4377,1297,,42,1,0,4511,797
4/12/2020,123440,3085,930,,45,3,2,3153,699
4/13/2020,129780,6340,2004,,53,8,0,6435,1104
4/14/2020,139551,9771,2873,,62,9,2,9882,1467
4/15/2020,149494,9943,2600,,72,10,2,10227,1442
4/16/2020,158422,8928,2390,,93,21,0,9000,1701
4/17/2020,169536,11114,3009,,173,80,5,11466,1747
4/18/2020,175587,6051,1483,,181,8,3,6374,1107
4/19/2020,180188,4601,1090,,191,10,1,4671,924
4/20/2020,190995,10807,2695,,255,64,6,11081,1891
4/21/2020,200473,9478,2196,,331,76,11,9723,2107
4/22/2020,212973,12500,2716,,479,148,17,12769,2627
4/23/2020,223789,10816,2414,,954,475,31,10901,2527
4/24/2020,236162,12373,2282,,1854,900,82,12397,2494
4/25/2020,244425,8263,1497,,2341,487,25,8444,1821
4/26/2020,249322,4897,848,,2796,455,36,4808,1400
4/27/2020,260317,10995,2131,,3940,1144,79,10881,2915
4/28/2020,272609,12292,2108,,5364,1424,83,12296,2982
4/29/2020,285271,12662,2190,,7073,1709,105,12615,2906
4/30/2020,299055,13784,2049,,8451,1378,116,13771,3108
5/1/2020,313195,14140,2085,,10227,1776,129,14036,3264
5/2/2020,320482,7287,1035,,10822,595,57,7346,1852
5/3/2020,325593,5111,735,,11226,404,42,5056,1407
5/4/2020,337740,12147,1887,,13211,1985,161,11983,3465
5/5/2020,350427,12687,1740,,15154,1943,157,12496,3522
5/6/2020,363790,13363,1710,,17086,1932,184,13121,3565
5/7/2020,377310,13520,1687,,19135,2049,173,13478,3615
5/8/2020,390666,13356,1462,,20993,1858,136,13267,3666
5/9/2020,396504,5838,684,,21615,622,37,5723,1962
5/10/2020,399674,3170,386,,21967,352,77,3094,1464
5/11/2020,411568,11894,1318,,23782,1815,162,11664,3984
5/12/2020,424939,13371,1461,,25635,1853,148,13134,4227
5/13/2020,438996,14057,1327,,27347,1712,178,13856,4073
5/14/2020,452508,13512,1321,,28953,1606,165,13268,4122
5/15/2020,466337,13829,1110,,30549,1596,142,13620,4147
5/16/2020,473477,7140,654,,31079,530,51,7011,2318
5/17/2020,477789,4312,368,115,31435,356,54,4251,1599
5/18/2020,491239,13450,1323,1,33024,1589,137,13221,4320
5/19/2020,503697,12458,1089,0,34701,1677,164,12303,4395
5/20/2020,516605,12908,1027,0,36526,1825,149,12681,4240
5/21/2020,528509,11904,991,0,38157,1631,191,11711,4299
5/22/2020,539598,11089,876,0,39757,1600,158,10905,3884
5/23/2020,544584,4986,393,0,40170,413,41,4912,1800
5/24/2020,548680,4096,303,0,40477,307,41,4022,1519
5/25/2020,551800,3120,200,0,40803,326,49,3079,1479
5/26/2020,563090,11290,884,0,42281,1478,129,11124,4317
5/27/2020,573332,10242,711,0,43700,1419,153,10102,3844
5/28/2020,582781,9449,652,0,44963,1263,176,9311,3550
5/29/2020,592914,10133,533,0,46251,1288,138,10003,3458
5/30/2020,598718,5804,275,0,46509,258,34,5760,1791
5/31/2020,602438,3720,163,0,46692,183,38,3675,1390
6/1/2020,611986,9548,514,0,47806,1114,164,9427,3468
6/2/2020,621474,9488,447,0,48872,1066,88,9386,3689
6/3/2020,631086,9612,469,0,49982,1110,126,9478,3635
6/4/2020,639733,8647,392,0,51002,1020,90,8553,3471
6/5/2020,648280,8547,343,0,52185,1183,150,8461,3064
6/6/2020,652864,4584,149,0,52462,277,32,4568,1692
6/7/2020,656414,3550,151,0,52633,171,24,3502,1450
6/8/2020,667154,10740,359,0,53606,973,100,10679,3254
6/9/2020,678187,11033,349,0,54739,1133,109,10930,3361
6/10/2020,688541,10354,261,0,55899,1160,135,10296,3165
6/11/2020,698928,10387,232,0,57087,1188,105,10328,2771
6/12/2020,709089,10161,260,0,58277,1190,82,10097,2962
6/13/2020,713940,4851,98,0,58495,218,21,4829,1661
6/14/2020,717702,3762,76,0,58667,172,25,3738,1349
6/15/2020,728563,10861,237,0,59798,1131,100,10796,3400
6/16/2020,739014,10451,205,0,60968,1170,84,10395,3287
6/17/2020,753527,14513,253,0,62155,1187,102,14459,3407
6/18/2020,767799,14272,242,0,63484,1329,82,14213,3156
6/19/2020,776770,8971,180,0,64576,1092,76,8923,2759
6/20/2020,782251,5481,94,0,64840,264,16,5467,1844
6/21/2020,786144,3893,79,0,64981,141,16,3878,1345
6/22/2020,796329,10185,231,0,66045,1064,83,10132,3503
6/23/2020,806912,10583,188,0,67289,1244,121,10545,3508
6/24/2020,817663,10751,207,0,68566,1277,91,10696,3292
6/25/2020,827238,9575,203,0,69715,1149,99,9518,3049
6/26/2020,837451,10213,197,0,70914,1199,91,10179,2927
6/27/2020,843451,6000,127,0,71151,237,15,5972,1792
6/28/2020,847854,4403,66,0,71362,211,18,4392,1576
6/29/2020,857088,9234,131,0,72444,1082,89,9205,3061
6/30/2020,865037,7949,124,0,73537,1093,90,7903,2680
7/1/2020,870184,5147,103,0,74327,790,47,5129,2153
7/2/2020,872369,2185,53,0,74598,271,22,2178,1139
7/3/2020,872380,11,0,0,74598,0,0,11,7
