Date,Molecular Total,Molecular New,Molecular Positive New,Molecular Missing,Serology Total,Serology New,Serology Positive New,First Molecular Test per person,Repeat Molecular Tests
1/22/2020,1,1,0,,0,0,0,1,0
1/23/2020,2,1,0,,0,0,0,1,0
1/24/2020,2,0,0,,1,1,0,0,0
1/25/2020,2,0,0,,1,0,0,0,0
1/26/2020,2,0,0,,1,0,0,0,0
1/27/2020,3,1,0,,1,0,0,1,0
1/28/2020,3,0,0,,1,0,0,0,0
1/29/2020,4,1,1,,1,0,0,1,0
1/30/2020,4,0,0,,1,0,0,0,0
1/31/2020,4,0,0,,1,0,0,0,0
2/1/2020,4,0,0,,1,0,0,0,0
2/2/2020,4,0,0,,1,0,0,0,0
2/3/2020,7,3,0,,1,0,0,3,0
2/4/2020,9,2,0,,1,0,0,2,0
2/5/2020,9,0,0,,1,0,0,0,0
2/6/2020,10,1,1,,1,0,0,1,0
2/7/2020,10,0,0,,1,0,0,0,0
2/8/2020,11,1,0,,1,0,0,1,0
2/9/2020,11,0,0,,1,0,0,0,0
2/10/2020,11,0,0,,1,0,0,0,1
2/11/2020,11,0,0,,1,0,0,0,0
2/12/2020,11,0,0,,1,0,0,1,0
2/13/2020,11,0,0,,1,0,0,0,0
2/14/2020,11,0,0,,1,0,0,0,0
2/15/2020,11,0,0,,1,0,0,0,0
2/16/2020,11,0,0,,1,0,0,0,0
2/17/2020,11,0,0,,1,0,0,0,0
2/18/2020,11,0,0,,1,0,0,0,0
2/19/2020,11,0,0,,1,0,0,0,0
2/20/2020,11,0,0,,1,0,0,0,1
2/21/2020,11,0,0,,1,0,0,0,0
2/22/2020,11,0,0,,1,0,0,0,0
2/23/2020,11,0,0,,1,0,0,0,0
2/24/2020,11,0,0,,1,0,0,0,2
2/25/2020,11,0,0,,1,0,0,0,0
2/26/2020,11,0,0,,1,0,0,0,0
2/27/2020,11,0,0,,1,0,0,0,0
2/28/2020,12,1,0,,1,0,0,0,2
2/29/2020,13,1,0,,1,0,0,1,0
3/1/2020,15,2,1,,1,0,0,2,2
3/2/2020,18,3,0,,1,0,0,3,3
3/3/2020,32,14,1,,2,1,0,14,1
3/4/2020,51,19,2,,2,0,0,19,3
3/5/2020,83,32,8,,2,0,0,33,3
3/6/2020,122,39,14,,2,0,0,43,7
3/7/2020,206,84,44,,2,0,0,86,14
3/8/2020,260,54,19,,2,0,0,53,7
3/9/2020,333,73,5,,2,0,0,76,5
3/10/2020,438,105,14,,2,0,0,104,6
3/11/2020,612,174,22,,2,0,0,176,6
3/12/2020,1030,418,29,,2,0,0,426,7
3/13/2020,1970,940,61,,2,0,0,973,14
3/14/2020,2870,900,73,,2,0,0,920,15
3/15/2020,3900,1030,68,,2,0,0,1058,26
3/16/2020,6045,2145,150,,2,0,0,2218,18
3/17/2020,8729,2684,249,,2,0,0,2763,28
3/18/2020,11717,2988,259,,2,0,0,3075,156
3/19/2020,14623,2906,278,,2,0,0,3000,142
3/20/2020,18274,3651,388,,2,0,0,3753,123
3/21/2020,20808,2534,321,,2,0,0,2603,168
3/22/2020,22705,1897,286,,2,0,0,1944,158
3/23/2020,26495,3790,609,,2,0,0,3895,202
3/24/2020,30496,4001,719,,2,0,0,4116,207
3/25/2020,34601,4105,746,,2,0,0,4217,269
3/26/2020,39026,4425,936,,2,0,0,4540,299
3/27/2020,43402,4376,943,,2,0,0,4474,342
3/28/2020,46206,2804,655,,2,0,0,2871,331
3/29/2020,48277,2071,523,,2,0,0,2155,318
3/30/2020,53339,5062,1238,,2,0,0,5174,416
3/31/2020,58580,5241,1265,,2,0,0,5461,471
4/1/2020,63513,4933,1338,,2,0,0,5115,462
4/2/2020,68737,5224,1280,,5,3,1,5413,597
4/3/2020,74496,5759,1481,,5,0,0,5961,626
4/4/2020,78488,3992,1163,,9,4,1,4064,689
4/5/2020,81913,3425,976,,9,0,0,3575,538
4/6/2020,88587,6674,1932,,13,4,0,6842,775
4/7/2020,95171,6584,2024,,17,4,0,6689,951
4/8/2020,101984,6813,1867,,19,2,0,7011,961
4/9/2020,108436,6452,1982,,41,22,2,6779,1023
4/10/2020,116048,7612,2055,,41,0,0,7820,1033
4/11/2020,120432,4384,1297,,42,1,0,4515,794
4/12/2020,123521,3089,930,,45,3,2,3153,699
4/13/2020,129864,6343,2004,,53,8,0,6438,1100
4/14/2020,139641,9777,2875,,62,9,2,9886,1465
4/15/2020,149602,9961,2601,,72,10,2,10230,1442
4/16/2020,158537,8935,2389,,93,21,0,9003,1697
4/17/2020,169667,11130,3010,,173,80,5,11470,1743
4/18/2020,175730,6063,1483,,181,8,3,6375,1107
4/19/2020,180338,4608,1091,,191,10,1,4675,921
4/20/2020,191165,10827,2699,,255,64,6,11096,1879
4/21/2020,200661,9496,2199,,331,76,11,9725,2101
4/22/2020,213189,12528,2718,,479,148,17,12790,2607
4/23/2020,224024,10835,2416,,954,475,31,10908,2518
4/24/2020,236388,12364,2282,,1855,901,82,12378,2484
4/25/2020,244664,8276,1498,,2342,487,25,8442,1820
4/26/2020,249562,4898,848,,2797,455,36,4811,1397
4/27/2020,260574,11012,2127,,3941,1144,79,10888,2902
4/28/2020,272881,12307,2108,,5366,1425,83,12302,2975
4/29/2020,285551,12670,2187,,7075,1709,105,12615,2900
4/30/2020,299349,13798,2049,,8453,1378,116,13783,3096
5/1/2020,313518,14169,2086,,10229,1776,129,14073,3227
5/2/2020,320816,7298,1037,,10824,595,57,7358,1842
5/3/2020,325931,5115,735,,11228,404,42,5059,1404
5/4/2020,338098,12167,1888,,13213,1985,161,12002,3444
5/5/2020,350795,12697,1741,,15156,1943,157,12511,3509
5/6/2020,364174,13379,1710,,17088,1932,184,13138,3549
5/7/2020,377717,13543,1693,,19137,2049,173,13502,3589
5/8/2020,391090,13373,1462,,20995,1858,136,13280,3652
5/9/2020,396934,5844,684,,21617,622,37,5729,1956
5/10/2020,400108,3174,386,,21969,352,77,3098,1461
5/11/2020,412007,11899,1317,,23784,1815,162,11681,3966
5/12/2020,425384,13377,1461,,25637,1853,148,13151,4208
5/13/2020,439455,14071,1328,,27349,1712,178,13885,4043
5/14/2020,452977,13522,1323,,28955,1606,165,13291,4099
5/15/2020,466815,13838,1112,,30551,1596,142,13636,4133
5/16/2020,473965,7150,654,,31081,530,51,7023,2305
5/17/2020,478290,4325,371,115,31437,356,54,4264,1588
5/18/2020,491752,13462,1324,1,33026,1589,137,13230,4311
5/19/2020,504221,12469,1090,0,34703,1677,164,12311,4384
5/20/2020,517138,12917,1030,0,36528,1825,149,12689,4231
5/21/2020,529053,11915,992,0,38159,1631,191,11721,4289
5/22/2020,540152,11099,875,0,39759,1600,158,10916,3872
5/23/2020,545141,4989,393,0,40172,413,41,4916,1796
5/24/2020,549241,4100,303,0,40480,308,41,4026,1516
5/25/2020,552363,3122,200,0,40806,326,49,3081,1477
5/26/2020,563663,11300,886,0,42284,1478,129,11134,4307
5/27/2020,573918,10255,711,0,43703,1419,153,10116,3829
5/28/2020,583380,9462,654,0,44966,1263,176,9320,3541
5/29/2020,593520,10140,533,0,46254,1288,138,10010,3452
5/30/2020,599329,5809,275,0,46512,258,34,5764,1787
5/31/2020,603052,3723,164,0,46695,183,38,3680,1386
6/1/2020,612607,9555,515,0,47810,1115,164,9432,3462
6/2/2020,622106,9499,448,0,48876,1066,88,9397,3678
6/3/2020,631725,9619,471,0,49986,1110,126,9483,3632
6/4/2020,640386,8661,394,0,51006,1020,90,8568,3456
6/5/2020,648942,8556,343,0,52188,1182,149,8469,3056
6/6/2020,653527,4585,148,0,52465,277,32,4569,1690
6/7/2020,657076,3549,151,0,52636,171,24,3502,1449
6/8/2020,667829,10753,360,0,53609,973,100,10691,3242
6/9/2020,678848,11019,349,0,54741,1132,109,10916,3332
6/10/2020,689179,10331,253,0,55901,1160,135,10272,3144
6/11/2020,699555,10376,231,0,57089,1188,105,10315,2755
6/12/2020,709661,10106,254,0,58278,1189,81,10038,2951
6/13/2020,714505,4844,98,0,58496,218,21,4822,1659
6/14/2020,718269,3764,77,0,58668,172,25,3738,1346
6/15/2020,728629,10360,245,0,59787,1119,99,10296,3379
6/16/2020,738826,10197,203,0,60950,1163,83,10143,3276
6/17/2020,753266,14440,253,0,62124,1174,100,14383,3390
6/18/2020,767490,14224,245,0,63438,1314,82,14149,3136
6/19/2020,776415,8925,180,0,64512,1074,76,8873,2743
6/20/2020,781850,5435,93,0,64776,264,16,5421,1833
6/21/2020,785662,3812,77,0,64916,140,16,3794,1334
6/22/2020,795749,10087,231,0,65969,1053,82,10033,3479
6/23/2020,806163,10414,181,0,67204,1235,122,10374,3432
6/24/2020,815739,9576,182,0,68466,1262,89,9526,3081
6/25/2020,822657,6918,151,0,69545,1079,88,6872,2334
6/26/2020,828797,6140,111,0,70430,885,71,6122,1887
6/27/2020,830649,1852,39,0,70476,46,4,1847,879
6/28/2020,830666,17,1,0,70476,0,0,16,13
