Date,Molecular Total,Molecular New,Molecular Positive New,Molecular Missing,Serology Total,Serology New,Serology Positive New,First Molecular Test per person,Repeat Molecular Tests
1/22/2020,1,1,0,,0,0,0,1,0
1/23/2020,2,1,0,,0,0,0,1,0
1/24/2020,2,0,0,,0,0,0,0,0
1/25/2020,2,0,0,,0,0,0,0,0
1/26/2020,2,0,0,,0,0,0,0,0
1/27/2020,3,1,0,,0,0,0,1,0
1/28/2020,3,0,0,,0,0,0,0,0
1/29/2020,4,1,1,,0,0,0,1,0
1/30/2020,4,0,0,,0,0,0,0,0
1/31/2020,4,0,0,,0,0,0,0,0
2/1/2020,4,0,0,,0,0,0,0,0
2/2/2020,4,0,0,,0,0,0,0,0
2/3/2020,7,3,0,,0,0,0,3,0
2/4/2020,9,2,0,,0,0,0,2,0
2/5/2020,9,0,0,,0,0,0,0,0
2/6/2020,10,1,1,,0,0,0,1,0
2/7/2020,10,0,0,,0,0,0,0,0
2/8/2020,11,1,0,,0,0,0,1,0
2/9/2020,11,0,0,,0,0,0,0,0
2/10/2020,11,0,0,,0,0,0,0,1
2/11/2020,11,0,0,,0,0,0,0,0
2/12/2020,11,0,0,,0,0,0,1,0
2/13/2020,11,0,0,,0,0,0,0,0
2/14/2020,11,0,0,,0,0,0,0,0
2/15/2020,11,0,0,,0,0,0,0,0
2/16/2020,11,0,0,,0,0,0,0,0
2/17/2020,11,0,0,,0,0,0,0,0
2/18/2020,11,0,0,,0,0,0,0,0
2/19/2020,11,0,0,,0,0,0,0,0
2/20/2020,11,0,0,,0,0,0,0,1
2/21/2020,11,0,0,,0,0,0,0,0
2/22/2020,11,0,0,,0,0,0,0,0
2/23/2020,11,0,0,,0,0,0,0,0
2/24/2020,11,0,0,,1,1,0,0,2
2/25/2020,11,0,0,,1,0,0,0,0
2/26/2020,11,0,0,,1,0,0,0,0
2/27/2020,11,0,0,,1,0,0,0,0
2/28/2020,12,1,0,,1,0,0,0,2
2/29/2020,13,1,0,,1,0,0,1,0
3/1/2020,15,2,1,,1,0,0,2,2
3/2/2020,18,3,0,,1,0,0,3,3
3/3/2020,32,14,1,,2,1,0,14,1
3/4/2020,51,19,2,,2,0,0,19,3
3/5/2020,83,32,8,,2,0,0,33,3
3/6/2020,122,39,14,,2,0,0,43,7
3/7/2020,206,84,44,,2,0,0,86,14
3/8/2020,260,54,19,,2,0,0,53,7
3/9/2020,333,73,5,,2,0,0,76,5
3/10/2020,438,105,14,,2,0,0,104,6
3/11/2020,611,173,22,,2,0,0,176,6
3/12/2020,1029,418,29,,2,0,0,426,7
3/13/2020,1970,941,61,,2,0,0,973,14
3/14/2020,2870,900,73,,2,0,0,920,15
3/15/2020,3900,1030,68,,2,0,0,1058,26
3/16/2020,6045,2145,150,,2,0,0,2218,18
3/17/2020,8726,2681,249,,2,0,0,2763,28
3/18/2020,11711,2985,259,,2,0,0,3074,156
3/19/2020,14615,2904,278,,2,0,0,2999,142
3/20/2020,18261,3646,388,,2,0,0,3753,123
3/21/2020,20794,2533,321,,2,0,0,2603,168
3/22/2020,22690,1896,286,,2,0,0,1944,158
3/23/2020,26477,3787,609,,2,0,0,3895,202
3/24/2020,30475,3998,719,,2,0,0,4115,207
3/25/2020,34578,4103,746,,2,0,0,4216,269
3/26/2020,39000,4422,936,,2,0,0,4540,299
3/27/2020,43370,4370,943,,2,0,0,4474,342
3/28/2020,46172,2802,655,,2,0,0,2871,332
3/29/2020,48241,2069,523,,2,0,0,2155,318
3/30/2020,53297,5056,1238,,2,0,0,5174,416
3/31/2020,58535,5238,1265,,2,0,0,5459,472
4/1/2020,63461,4926,1337,,2,0,0,5113,463
4/2/2020,68679,5218,1278,,5,3,1,5410,597
4/3/2020,74431,5752,1480,,5,0,0,5961,626
4/4/2020,78422,3991,1163,,9,4,1,4065,690
4/5/2020,81844,3422,976,,9,0,0,3575,538
4/6/2020,88514,6670,1932,,13,4,0,6841,775
4/7/2020,95084,6570,2023,,17,4,0,6685,954
4/8/2020,101889,6805,1864,,19,2,0,7004,964
4/9/2020,108324,6435,1979,,41,22,2,6765,1032
4/10/2020,115913,7589,2054,,41,0,0,7799,1052
4/11/2020,120279,4366,1296,,42,1,0,4505,801
4/12/2020,123363,3084,930,,45,3,2,3152,699
4/13/2020,129702,6339,2004,,53,8,0,6433,1106
4/14/2020,139466,9764,2873,,62,9,2,9881,1468
4/15/2020,149405,9939,2600,,72,10,2,10226,1443
4/16/2020,158324,8919,2389,,93,21,0,8999,1702
4/17/2020,169427,11103,3009,,173,80,5,11464,1749
4/18/2020,175475,6048,1483,,181,8,3,6374,1107
4/19/2020,180074,4599,1090,,191,10,1,4670,925
4/20/2020,190876,10802,2695,,255,64,6,11080,1891
4/21/2020,200346,9470,2195,,331,76,11,9720,2108
4/22/2020,212837,12491,2716,,479,148,17,12767,2629
4/23/2020,223642,10805,2411,,953,474,31,10897,2530
4/24/2020,236010,12368,2283,,1852,899,82,12397,2494
4/25/2020,244270,8260,1497,,2339,487,25,8444,1821
4/26/2020,249162,4892,848,,2794,455,36,4805,1402
4/27/2020,260153,10991,2131,,3938,1144,79,10881,2915
4/28/2020,272431,12278,2108,,5362,1424,83,12294,2984
4/29/2020,285085,12654,2190,,7071,1709,105,12614,2907
4/30/2020,298850,13765,2049,,8449,1378,116,13759,3120
5/1/2020,312971,14121,2085,,10225,1776,129,14032,3264
5/2/2020,320251,7280,1034,,10820,595,57,7344,1854
5/3/2020,325361,5110,735,,11224,404,42,5054,1409
5/4/2020,337489,12128,1887,,13209,1985,161,11973,3475
5/5/2020,350163,12674,1740,,15152,1943,157,12488,3530
5/6/2020,363511,13348,1710,,17084,1932,184,13112,3574
5/7/2020,377025,13514,1687,,19133,2049,173,13473,3620
5/8/2020,390368,13343,1462,,20991,1858,136,13264,3669
5/9/2020,396203,5835,684,,21614,623,38,5722,1963
5/10/2020,399372,3169,386,,21966,352,77,3093,1465
5/11/2020,411256,11884,1318,,23781,1815,162,11659,3988
5/12/2020,424609,13353,1459,,25634,1853,148,13123,4238
5/13/2020,438650,14041,1326,,27346,1712,178,13844,4084
5/14/2020,452145,13495,1321,,28952,1606,165,13263,4127
5/15/2020,465965,13820,1110,,30547,1595,141,13611,4156
5/16/2020,473103,7138,655,,31077,530,51,7007,2323
5/17/2020,477412,4309,367,115,31433,356,54,4245,1606
5/18/2020,490842,13430,1323,1,33022,1589,137,13192,4347
5/19/2020,503285,12443,1088,0,34699,1677,164,12278,4420
5/20/2020,516183,12898,1026,0,36523,1824,149,12663,4257
5/21/2020,528073,11890,990,0,38154,1631,191,11683,4325
5/22/2020,539145,11072,875,0,39754,1600,158,10887,3902
5/23/2020,544125,4980,393,0,40167,413,41,4908,1804
5/24/2020,548214,4089,303,0,40474,307,41,4017,1524
5/25/2020,551332,3118,200,0,40800,326,49,3078,1479
5/26/2020,562610,11278,883,0,42277,1477,129,11118,4324
5/27/2020,572848,10238,710,0,43694,1417,152,10099,3847
5/28/2020,582293,9445,652,0,44957,1263,176,9305,3557
5/29/2020,592417,10124,532,0,46245,1288,138,9996,3466
5/30/2020,598219,5802,274,0,46503,258,34,5758,1796
5/31/2020,601936,3717,163,0,46686,183,38,3673,1392
6/1/2020,611472,9536,514,0,47800,1114,164,9418,3478
6/2/2020,620954,9482,447,0,48865,1065,88,9382,3693
6/3/2020,630558,9604,469,0,49975,1110,126,9472,3643
6/4/2020,639198,8640,391,0,50994,1019,90,8544,3482
6/5/2020,647739,8541,343,0,52176,1182,149,8460,3068
6/6/2020,652325,4586,149,0,52456,280,33,4571,1692
6/7/2020,655884,3559,151,0,52627,171,24,3514,1459
6/8/2020,666614,10730,359,0,53601,974,100,10671,3267
6/9/2020,677681,11067,349,0,54733,1132,109,10964,3388
6/10/2020,688027,10346,260,0,55894,1161,136,10288,3174
6/11/2020,698393,10366,229,0,57082,1188,105,10307,2793
6/12/2020,708541,10148,260,0,58271,1189,82,10083,2974
6/13/2020,713388,4847,98,0,58489,218,21,4825,1666
6/14/2020,717150,3762,76,0,58661,172,25,3739,1351
6/15/2020,728019,10869,235,0,59792,1131,100,10808,3410
6/16/2020,738545,10526,200,0,60961,1169,83,10473,3307
6/17/2020,753075,14530,249,0,62147,1186,102,14479,3423
6/18/2020,767335,14260,242,0,63478,1331,81,14206,3165
6/19/2020,776303,8968,177,0,64569,1091,74,8921,2766
6/20/2020,781782,5479,94,0,64832,263,16,5466,1846
6/21/2020,785674,3892,78,0,64972,140,16,3880,1346
6/22/2020,795864,10190,230,0,66035,1063,83,10143,3514
6/23/2020,806528,10664,186,0,67276,1241,122,10626,3534
6/24/2020,817284,10756,211,0,68553,1277,92,10702,3338
6/25/2020,826880,9596,205,0,69705,1152,100,9546,3088
6/26/2020,837149,10269,203,0,70903,1198,91,10246,3003
6/27/2020,843278,6129,135,0,71140,237,15,6103,1816
6/28/2020,848001,4723,69,0,71356,216,18,4713,1608
6/29/2020,860287,12286,199,0,72451,1095,93,12252,3884
6/30/2020,872692,12405,212,0,73642,1191,106,12345,3760
7/1/2020,883516,10824,216,0,74692,1050,93,10795,3580
7/2/2020,893610,10094,223,0,75705,1013,92,10064,3461
7/3/2020,898396,4786,73,0,76134,429,55,4772,2027
7/4/2020,901120,2724,58,0,76244,110,7,2714,1247
7/5/2020,904823,3703,75,0,76362,118,24,3684,1625
7/6/2020,913988,9165,156,0,77227,865,85,9119,3531
7/7/2020,924343,10355,147,0,78230,1003,112,10318,3668
7/8/2020,932364,8021,142,0,79038,808,78,7996,3571
7/9/2020,937532,5168,108,0,79696,658,52,5150,2664
7/10/2020,940379,2847,50,0,80061,365,36,2842,1627
7/11/2020,940393,14,0,0,80061,0,0,14,13
