Date,Positive Total,Positive New,Probable Total,Probable New
1/29/2020,1,1,0,0
1/30/2020,1,0,0,0
1/31/2020,1,0,0,0
2/1/2020,1,0,0,0
2/2/2020,1,0,0,0
2/3/2020,1,0,0,0
2/4/2020,1,0,0,0
2/5/2020,1,0,0,0
2/6/2020,2,1,0,0
2/7/2020,2,0,0,0
2/8/2020,2,0,0,0
2/9/2020,2,0,0,0
2/10/2020,2,0,0,0
2/11/2020,2,0,0,0
2/12/2020,2,0,0,0
2/13/2020,2,0,0,0
2/14/2020,2,0,0,0
2/15/2020,2,0,0,0
2/16/2020,2,0,0,0
2/17/2020,2,0,0,0
2/18/2020,2,0,0,0
2/19/2020,2,0,0,0
2/20/2020,2,0,0,0
2/21/2020,2,0,0,0
2/22/2020,2,0,0,0
2/23/2020,2,0,0,0
2/24/2020,2,0,0,0
2/25/2020,2,0,0,0
2/26/2020,2,0,0,0
2/27/2020,2,0,0,0
2/28/2020,2,0,0,0
2/29/2020,2,0,0,0
3/1/2020,3,1,3,3
3/2/2020,3,0,5,2
3/3/2020,4,1,8,3
3/4/2020,6,2,9,1
3/5/2020,14,8,12,3
3/6/2020,28,14,12,0
3/7/2020,72,44,15,3
3/8/2020,91,19,20,5
3/9/2020,96,5,24,4
3/10/2020,110,14,30,6
3/11/2020,132,22,35,5
3/12/2020,161,29,39,4
3/13/2020,222,61,44,5
3/14/2020,295,73,48,4
3/15/2020,363,68,54,6
3/16/2020,513,150,57,3
3/17/2020,762,249,65,8
3/18/2020,1021,259,72,7
3/19/2020,1299,278,78,6
3/20/2020,1687,388,89,11
3/21/2020,2008,321,98,9
3/22/2020,2294,286,102,4
3/23/2020,2903,609,113,11
3/24/2020,3621,718,124,11
3/25/2020,4367,746,135,11
3/26/2020,5303,936,139,4
3/27/2020,6246,943,145,6
3/28/2020,6901,655,153,8
3/29/2020,7424,523,158,5
3/30/2020,8662,1238,160,2
3/31/2020,9927,1265,164,4
4/1/2020,11264,1337,169,5
4/2/2020,12542,1278,175,6
4/3/2020,14022,1480,183,8
4/4/2020,15185,1163,189,6
4/5/2020,16161,976,197,8
4/6/2020,18093,1932,203,6
4/7/2020,20115,2022,212,9
4/8/2020,21979,1864,221,9
4/9/2020,23957,1978,232,11
4/10/2020,26011,2054,240,8
4/11/2020,27308,1297,248,8
4/12/2020,28237,929,261,13
4/13/2020,30239,2002,267,6
4/14/2020,33110,2871,272,5
4/15/2020,35710,2600,286,14
4/16/2020,38098,2388,294,8
4/17/2020,41105,3007,312,18
4/18/2020,42587,1482,319,7
4/19/2020,43677,1090,323,4
4/20/2020,46372,2695,336,13
4/21/2020,48567,2195,354,18
4/22/2020,51282,2715,384,30
4/23/2020,53689,2407,411,27
4/24/2020,55972,2283,476,65
4/25/2020,57469,1497,498,22
4/26/2020,58317,848,528,30
4/27/2020,60447,2130,599,71
4/28/2020,62554,2107,662,63
4/29/2020,64744,2190,746,84
4/30/2020,66792,2048,847,101
5/1/2020,68877,2085,942,95
5/2/2020,69908,1031,1000,58
5/3/2020,70643,735,1033,33
5/4/2020,72524,1881,1169,136
5/5/2020,74262,1738,1297,128
5/6/2020,75964,1702,1438,141
5/7/2020,77647,1683,1560,122
5/8/2020,79107,1460,1654,94
5/9/2020,79791,684,1686,32
5/10/2020,80177,386,1747,61
5/11/2020,81489,1312,1858,111
5/12/2020,82945,1456,1975,117
5/13/2020,84266,1321,2105,130
5/14/2020,85582,1316,2232,127
5/15/2020,86691,1109,2327,95
5/16/2020,87342,651,2365,38
5/17/2020,87706,364,2413,48
5/18/2020,89023,1317,2513,100
5/19/2020,90103,1080,2634,121
5/20/2020,91125,1022,2740,106
5/21/2020,92103,978,2880,140
5/22/2020,92969,866,2990,110
5/23/2020,93359,390,3027,37
5/24/2020,93660,301,3067,40
5/25/2020,93858,198,3125,58
5/26/2020,94725,867,3225,100
5/27/2020,95419,694,3332,107
5/28/2020,96065,646,3451,119
5/29/2020,96598,533,3545,94
5/30/2020,96869,271,3581,36
5/31/2020,97031,162,3616,35
6/1/2020,97540,509,3681,65
6/2/2020,97987,447,3732,51
6/3/2020,98449,462,3807,75
6/4/2020,98832,383,3859,52
6/5/2020,99172,340,3951,92
6/6/2020,99321,149,3983,32
6/7/2020,99472,151,4003,20
6/8/2020,99828,356,4074,71
6/9/2020,100173,345,4154,80
6/10/2020,100430,257,4255,101
6/11/2020,100659,229,4334,79
6/12/2020,100915,256,4386,52
6/13/2020,101013,98,4405,19
6/14/2020,101089,76,4432,27
6/15/2020,101324,235,4508,76
6/16/2020,101524,200,4567,59
6/17/2020,101772,248,4656,89
6/18/2020,102014,242,4726,70
6/19/2020,102190,176,4785,59
6/20/2020,102284,94,4803,18
6/21/2020,102362,78,4818,15
6/22/2020,102591,229,4886,68
6/23/2020,102779,188,4975,89
6/24/2020,102990,211,5043,68
6/25/2020,103196,206,5122,79
6/26/2020,103396,200,5199,77
6/27/2020,103531,135,5219,20
6/28/2020,103600,69,5239,20
6/29/2020,103801,201,5308,69
6/30/2020,104018,217,5405,97
7/1/2020,104236,218,5514,109
7/2/2020,104460,224,5615,101
7/3/2020,104558,98,5674,59
7/4/2020,104620,62,5690,16
7/5/2020,104721,101,5723,33
7/6/2020,104962,241,5788,65
7/7/2020,105202,240,5893,105
7/8/2020,105417,215,5969,76
7/9/2020,105667,250,6061,92
7/10/2020,105890,223,6193,132
7/11/2020,105999,109,6234,41
7/12/2020,106077,78,6272,38
7/13/2020,106277,200,6384,112
7/14/2020,106469,192,6454,70
7/15/2020,106695,226,6540,86
7/16/2020,106885,190,6627,87
7/17/2020,107053,168,6746,119
7/18/2020,107158,105,6814,68
7/19/2020,107218,60,6853,39
7/20/2020,107364,146,6883,30
7/21/2020,107412,48,6906,23
7/22/2020,107413,1,6907,1
