Date,Molecular Total,Molecular New,Molecular Positive New,Molecular Missing,Serology Total,Serology New,Serology Positive New,First Molecular Test per person,Repeat Molecular Tests
1/22/2020,1,1,0,,0,0,0,1,0
1/23/2020,2,1,0,,0,0,0,1,0
1/24/2020,2,0,0,,0,0,0,0,0
1/25/2020,2,0,0,,0,0,0,0,0
1/26/2020,2,0,0,,0,0,0,0,0
1/27/2020,3,1,0,,0,0,0,1,0
1/28/2020,3,0,0,,0,0,0,0,0
1/29/2020,4,1,1,,0,0,0,1,0
1/30/2020,4,0,0,,0,0,0,0,0
1/31/2020,4,0,0,,0,0,0,0,0
2/1/2020,4,0,0,,0,0,0,0,0
2/2/2020,4,0,0,,0,0,0,0,0
2/3/2020,7,3,0,,0,0,0,3,0
2/4/2020,9,2,0,,0,0,0,2,0
2/5/2020,9,0,0,,0,0,0,0,0
2/6/2020,10,1,1,,0,0,0,1,0
2/7/2020,10,0,0,,0,0,0,0,0
2/8/2020,11,1,0,,0,0,0,1,0
2/9/2020,11,0,0,,0,0,0,0,0
2/10/2020,11,0,0,,0,0,0,0,1
2/11/2020,11,0,0,,0,0,0,0,0
2/12/2020,11,0,0,,0,0,0,1,0
2/13/2020,11,0,0,,0,0,0,0,0
2/14/2020,11,0,0,,0,0,0,0,0
2/15/2020,11,0,0,,0,0,0,0,0
2/16/2020,11,0,0,,0,0,0,0,0
2/17/2020,11,0,0,,0,0,0,0,0
2/18/2020,11,0,0,,0,0,0,0,0
2/19/2020,11,0,0,,0,0,0,0,0
2/20/2020,11,0,0,,0,0,0,0,1
2/21/2020,11,0,0,,0,0,0,0,0
2/22/2020,11,0,0,,0,0,0,0,0
2/23/2020,11,0,0,,0,0,0,0,0
2/24/2020,11,0,0,,1,1,0,0,2
2/25/2020,11,0,0,,1,0,0,0,0
2/26/2020,11,0,0,,1,0,0,0,0
2/27/2020,11,0,0,,1,0,0,0,0
2/28/2020,12,1,0,,1,0,0,0,2
2/29/2020,13,1,0,,1,0,0,1,0
3/1/2020,15,2,1,,1,0,0,2,2
3/2/2020,18,3,0,,1,0,0,3,3
3/3/2020,32,14,1,,2,1,0,14,1
3/4/2020,51,19,2,,2,0,0,19,3
3/5/2020,83,32,8,,2,0,0,33,3
3/6/2020,122,39,14,,2,0,0,43,7
3/7/2020,206,84,44,,2,0,0,86,14
3/8/2020,260,54,19,,2,0,0,53,7
3/9/2020,332,72,5,,2,0,0,76,5
3/10/2020,437,105,14,,2,0,0,104,6
3/11/2020,610,173,22,,2,0,0,176,6
3/12/2020,1028,418,29,,2,0,0,426,7
3/13/2020,1968,940,61,,2,0,0,972,14
3/14/2020,2867,899,73,,2,0,0,920,15
3/15/2020,3896,1029,68,,2,0,0,1057,27
3/16/2020,6040,2144,150,,2,0,0,2217,18
3/17/2020,8719,2679,249,,2,0,0,2762,28
3/18/2020,11698,2979,259,,2,0,0,3069,157
3/19/2020,14600,2902,278,,2,0,0,2997,142
3/20/2020,18242,3642,388,,2,0,0,3752,124
3/21/2020,20775,2533,321,,2,0,0,2603,168
3/22/2020,22671,1896,286,,2,0,0,1944,158
3/23/2020,26457,3786,609,,2,0,0,3895,202
3/24/2020,30448,3991,718,,2,0,0,4114,207
3/25/2020,34549,4101,746,,2,0,0,4216,269
3/26/2020,38969,4420,936,,2,0,0,4540,299
3/27/2020,43335,4366,943,,2,0,0,4474,342
3/28/2020,46135,2800,655,,2,0,0,2870,332
3/29/2020,48204,2069,523,,2,0,0,2155,318
3/30/2020,53255,5051,1238,,2,0,0,5169,416
3/31/2020,58491,5236,1265,,2,0,0,5459,472
4/1/2020,63412,4921,1337,,2,0,0,5113,463
4/2/2020,68627,5215,1278,,5,3,1,5409,597
4/3/2020,74369,5742,1480,,5,0,0,5953,628
4/4/2020,78358,3989,1163,,9,4,1,4064,690
4/5/2020,81777,3419,976,,9,0,0,3575,538
4/6/2020,88434,6657,1932,,13,4,0,6835,778
4/7/2020,94993,6559,2022,,17,4,0,6675,959
4/8/2020,101790,6797,1864,,19,2,0,6998,968
4/9/2020,108220,6430,1978,,41,22,2,6762,1034
4/10/2020,115801,7581,2054,,42,1,1,7796,1055
4/11/2020,120165,4364,1297,,43,1,0,4506,801
4/12/2020,123191,3026,929,,46,3,2,3097,705
4/13/2020,129455,6264,2002,,54,8,0,6358,1126
4/14/2020,139204,9749,2871,,63,9,2,9870,1473
4/15/2020,149132,9928,2600,,73,10,2,10221,1448
4/16/2020,158040,8908,2388,,94,21,0,8992,1709
4/17/2020,169133,11093,3007,,174,80,5,11458,1753
4/18/2020,175177,6044,1482,,182,8,3,6371,1110
4/19/2020,179770,4593,1090,,192,10,1,4669,927
4/20/2020,190558,10788,2695,,256,64,6,11074,1897
4/21/2020,200016,9458,2195,,332,76,11,9716,2110
4/22/2020,212496,12480,2715,,479,147,17,12764,2634
4/23/2020,223290,10794,2407,,953,474,31,10889,2535
4/24/2020,235644,12354,2283,,1851,898,82,12391,2500
4/25/2020,243887,8243,1497,,2338,487,25,8440,1825
4/26/2020,248777,4890,848,,2793,455,36,4804,1403
4/27/2020,259756,10979,2130,,3936,1143,79,10873,2920
4/28/2020,272025,12269,2107,,5360,1424,83,12291,2986
4/29/2020,284664,12639,2190,,7069,1709,105,12604,2916
4/30/2020,298417,13753,2048,,8447,1378,116,13755,3124
5/1/2020,312525,14108,2085,,10224,1777,130,14023,3271
5/2/2020,319795,7270,1031,,10819,595,57,7335,1863
5/3/2020,324899,5104,735,,11223,404,42,5051,1411
5/4/2020,336997,12098,1881,,13209,1986,162,11949,3498
5/5/2020,349649,12652,1738,,15151,1942,157,12473,3544
5/6/2020,362964,13315,1702,,17083,1932,184,13092,3594
5/7/2020,376444,13480,1683,,19131,2048,173,13447,3645
5/8/2020,389769,13325,1460,,20989,1858,136,13264,3680
5/9/2020,395600,5831,684,,21612,623,38,5721,1967
5/10/2020,398763,3163,386,,21964,352,77,3085,1473
5/11/2020,410611,11848,1312,,23779,1815,162,11640,4004
5/12/2020,423937,13326,1456,,25632,1853,148,13105,4256
5/13/2020,437933,13996,1321,,27344,1712,178,13807,4116
5/14/2020,451378,13445,1316,,28950,1606,165,13225,4161
5/15/2020,465179,13801,1109,,30542,1592,141,13597,4171
5/16/2020,472297,7118,651,,31072,530,51,6992,2338
5/17/2020,476590,4293,364,115,31428,356,54,4231,1619
5/18/2020,489975,13385,1317,1,33017,1589,137,13154,4384
5/19/2020,502378,12403,1080,0,34694,1677,164,12244,4453
5/20/2020,515245,12867,1022,0,36520,1826,149,12633,4283
5/21/2020,527084,11839,978,0,38180,1660,193,11642,4365
5/22/2020,538125,11041,866,0,39782,1602,158,10858,3929
5/23/2020,543096,4971,390,0,40195,413,41,4899,1812
5/24/2020,547180,4084,301,0,40502,307,41,4013,1528
5/25/2020,550289,3109,198,0,40828,326,49,3073,1484
5/26/2020,561537,11248,867,0,42310,1482,130,11091,4349
5/27/2020,571749,10212,694,0,43726,1416,152,10080,3865
5/28/2020,581175,9426,646,0,44989,1263,176,9291,3577
5/29/2020,591279,10104,533,0,46277,1288,138,9978,3500
5/30/2020,597076,5797,271,0,46535,258,34,5752,1801
5/31/2020,600786,3710,162,0,46718,183,38,3670,1393
6/1/2020,610304,9518,509,0,47834,1116,164,9402,3492
6/2/2020,619777,9473,447,0,48900,1066,88,9374,3701
6/3/2020,629360,9583,462,0,50034,1134,129,9450,3663
6/4/2020,637977,8617,383,0,51058,1024,90,8519,3508
6/5/2020,646504,8527,340,0,52240,1182,149,8449,3080
6/6/2020,651084,4580,149,0,52520,280,33,4564,1699
6/7/2020,654642,3558,151,0,52691,171,24,3514,1461
6/8/2020,665350,10708,356,0,53666,975,100,10651,3287
6/9/2020,676393,11043,345,0,54800,1134,109,10941,3412
6/10/2020,686717,10324,257,0,55962,1162,136,10269,3194
6/11/2020,697072,10355,229,0,57150,1188,105,10301,2798
6/12/2020,707193,10121,256,0,58356,1206,85,10059,2997
6/13/2020,712037,4844,98,0,58574,218,21,4823,1667
6/14/2020,715794,3757,76,0,58746,172,25,3735,1353
6/15/2020,726648,10854,235,0,59888,1142,114,10797,3424
6/16/2020,737156,10508,200,0,61058,1170,86,10460,3319
6/17/2020,751665,14509,248,0,62252,1194,116,14472,3431
6/18/2020,765906,14241,242,0,63592,1340,90,14190,3181
6/19/2020,774857,8951,176,0,64692,1100,84,8908,2779
6/20/2020,780330,5473,94,0,64955,263,16,5461,1851
6/21/2020,784217,3887,78,0,65095,140,16,3875,1352
6/22/2020,794401,10184,229,0,66170,1075,97,10139,3527
6/23/2020,805050,10649,188,0,67421,1251,130,10618,3547
6/24/2020,815795,10745,211,0,68706,1285,99,10695,3353
6/25/2020,825386,9591,206,0,69868,1162,108,9548,3115
6/26/2020,835639,10253,200,0,71075,1207,104,10242,3022
6/27/2020,841761,6122,135,0,71314,239,18,6097,1824
6/28/2020,846474,4713,69,0,71531,217,19,4711,1611
6/29/2020,858763,12289,201,0,72635,1104,100,12263,3896
6/30/2020,871206,12443,217,0,73831,1196,111,12385,3780
7/1/2020,882137,10931,218,0,74900,1069,101,10904,3609
7/2/2020,892455,10318,224,0,75984,1084,119,10295,3622
7/3/2020,898554,6099,98,0,76409,425,61,6086,2296
7/4/2020,901517,2963,62,0,76522,113,9,2953,1316
7/5/2020,906298,4781,101,0,76639,117,23,4764,1849
7/6/2020,918810,12512,241,0,77525,886,94,12464,4394
7/7/2020,933610,14800,240,0,78559,1034,115,14750,4783
7/8/2020,947842,14232,215,0,79462,903,87,14195,5075
7/9/2020,960415,12573,250,0,80395,933,115,12510,4851
7/10/2020,973195,12780,223,0,81510,1115,141,12747,4908
7/11/2020,980337,7142,109,0,81787,277,33,7117,2575
7/12/2020,984769,4432,78,0,81967,180,32,4415,1739
7/13/2020,997215,12446,200,0,82987,1020,112,12395,4467
7/14/2020,1009818,12603,192,0,83917,930,88,12561,5068
7/15/2020,1022727,12909,226,0,84783,866,101,12872,4990
7/16/2020,1033067,10340,190,0,85639,856,106,10272,4446
7/17/2020,1042744,9677,168,0,86552,913,138,9631,4135
7/18/2020,1049534,6790,105,0,86767,215,58,6764,2506
7/19/2020,1053638,4104,60,0,86866,99,23,4096,1792
7/20/2020,1060140,6502,146,0,87226,360,25,6476,2983
7/21/2020,1063140,3000,48,0,87346,120,8,2990,1930
7/22/2020,1063155,15,1,0,87346,0,0,14,15
